mcnp       6     01/18/18 12:22:12     9       100000000     40465838812
   Leakage from LiF (61cm dia) sphere 3-d surface tally                         
ntal     2
   21   41
tally   21                   -1    0    0
 1 0 0 0 0 0 0 0 0 0 0 0 0 0 0 0 0 0 0 0 0 0 0 0 0 0 0 0 0 0 0 0 0 0 0 0 0
f        1
      6
d        1
u        0
s        0
m        0
c        0
et     135
  1.01090E-01  1.05210E-01  1.09500E-01  1.13970E-01  1.18620E-01  1.23470E-01
  1.28500E-01  1.33750E-01  1.39210E-01  1.44890E-01  1.50800E-01  1.56960E-01
  1.63360E-01  1.70030E-01  1.76970E-01  1.84190E-01  1.91710E-01  1.99530E-01
  2.07670E-01  2.16150E-01  2.24970E-01  2.34150E-01  2.43710E-01  2.53650E-01
  2.64000E-01  2.74780E-01  2.85990E-01  2.97660E-01  3.09810E-01  3.22450E-01
  3.35610E-01  3.49310E-01  3.63570E-01  3.78400E-01  3.93850E-01  4.09920E-01
  4.26650E-01  4.44060E-01  4.62180E-01  4.81050E-01  5.00680E-01  5.21110E-01
  5.42380E-01  5.64510E-01  5.87550E-01  6.11530E-01  6.36480E-01  6.62460E-01
  6.89500E-01  7.17630E-01  7.46920E-01  7.77400E-01  8.09130E-01  8.42150E-01
  8.76520E-01  9.12290E-01  9.49520E-01  9.88270E-01  1.02860E+00  1.07060E+00
  1.11430E+00  1.15980E+00  1.20710E+00  1.25630E+00  1.30760E+00  1.36100E+00
  1.41650E+00  1.47430E+00  1.53450E+00  1.59710E+00  1.66230E+00  1.73010E+00
  1.80080E+00  1.87420E+00  1.95070E+00  2.03030E+00  2.11320E+00  2.19940E+00
  2.28920E+00  2.38260E+00  2.47990E+00  2.58110E+00  2.68640E+00  2.79600E+00
  2.91010E+00  3.02890E+00  3.15250E+00  3.28120E+00  3.41510E+00  3.55450E+00
  3.69950E+00  3.85050E+00  4.00760E+00  4.17120E+00  4.34140E+00  4.51860E+00
  4.70300E+00  4.89490E+00  5.09470E+00  5.30260E+00  5.51900E+00  5.74430E+00
  5.97870E+00  6.22270E+00  6.47660E+00  6.74100E+00  7.01610E+00  7.30240E+00
  7.60040E+00  7.91060E+00  8.23340E+00  8.56940E+00  8.91920E+00  9.28320E+00
  9.66200E+00  1.00560E+01  1.04670E+01  1.08940E+01  1.13390E+01  1.18010E+01
  1.22830E+01  1.27840E+01  1.33060E+01  1.38490E+01  1.44140E+01  1.50020E+01
  1.56150E+01  1.62520E+01  1.69150E+01  1.76050E+01  1.83240E+01  1.90720E+01
  1.98500E+01  2.06600E+01
t        0
vals
  2.53383E-01 0.0002  7.19934E-04 0.0034  1.15906E-03 0.0027  1.70405E-03 0.0022
  2.33173E-03 0.0019  2.83873E-03 0.0017  3.40753E-03 0.0016  3.42286E-03 0.0016
  4.68506E-03 0.0014  2.88821E-03 0.0017  3.58520E-03 0.0015  4.16647E-03 0.0014
  4.04140E-03 0.0015  4.16687E-03 0.0014  3.65524E-03 0.0015  3.87700E-03 0.0015
  2.90737E-03 0.0017  2.38434E-03 0.0019  2.11805E-03 0.0020  1.70324E-03 0.0023
  1.31947E-03 0.0026  9.79889E-04 0.0030  7.01464E-04 0.0035  4.80052E-04 0.0043
  4.09367E-04 0.0046  4.07983E-04 0.0046  4.37987E-04 0.0045  6.60378E-04 0.0036
  8.62328E-04 0.0032  9.29641E-04 0.0031  9.10624E-04 0.0031  1.10325E-03 0.0028
  1.22436E-03 0.0027  1.25481E-03 0.0026  1.20123E-03 0.0027  1.37802E-03 0.0025
  1.26720E-03 0.0026  1.77314E-03 0.0022  2.40211E-03 0.0019  3.20510E-03 0.0017
  3.15309E-03 0.0017  2.92620E-03 0.0017  3.54637E-03 0.0016  4.00687E-03 0.0015
  4.20049E-03 0.0014  3.48863E-03 0.0016  4.17380E-03 0.0015  4.90985E-03 0.0013
  5.10378E-03 0.0013  5.48582E-03 0.0013  5.03848E-03 0.0013  4.80615E-03 0.0014
  4.64523E-03 0.0014  4.86878E-03 0.0013  4.16209E-03 0.0015  4.36145E-03 0.0014
  3.91220E-03 0.0015  4.33816E-03 0.0014  4.57789E-03 0.0014  4.40094E-03 0.0014
  4.10918E-03 0.0015  4.33183E-03 0.0014  3.92714E-03 0.0015  3.33738E-03 0.0016
  3.38296E-03 0.0016  3.84395E-03 0.0015  4.41506E-03 0.0014  4.41632E-03 0.0014
  4.31452E-03 0.0014  3.85470E-03 0.0015  3.73053E-03 0.0015  4.22137E-03 0.0014
  4.57130E-03 0.0014  4.83209E-03 0.0013  4.43739E-03 0.0014  3.66563E-03 0.0015
  4.12476E-03 0.0015  4.40330E-03 0.0014  3.93300E-03 0.0015  4.24557E-03 0.0014
  3.90886E-03 0.0015  3.42827E-03 0.0016  3.50904E-03 0.0016  3.60113E-03 0.0016
  3.71633E-03 0.0015  3.90754E-03 0.0015  3.58485E-03 0.0016  3.66420E-03 0.0015
  3.66373E-03 0.0015  3.40450E-03 0.0016  3.20144E-03 0.0016  3.32622E-03 0.0016
  3.15869E-03 0.0016  2.99182E-03 0.0017  2.78403E-03 0.0017  2.72330E-03 0.0018
  2.67765E-03 0.0018  2.87921E-03 0.0017  3.00170E-03 0.0017  2.99760E-03 0.0017
  3.06227E-03 0.0017  3.05265E-03 0.0017  3.01731E-03 0.0017  3.19554E-03 0.0016
  3.29806E-03 0.0016  3.26319E-03 0.0016  3.29488E-03 0.0016  3.11504E-03 0.0017
  3.11621E-03 0.0017  3.19505E-03 0.0017  3.30097E-03 0.0016  3.36453E-03 0.0016
  3.44585E-03 0.0016  3.49298E-03 0.0016  3.58843E-03 0.0016  3.76351E-03 0.0015
  4.05463E-03 0.0015  4.70948E-03 0.0014  5.81052E-03 0.0012  7.46775E-03 0.0011
  1.01874E-02 0.0009  1.43558E-02 0.0008  2.04285E-02 0.0007  3.42948E-02 0.0005
  3.74804E-02 0.0005  2.95649E-02 0.0006  1.49225E-02 0.0008  1.16692E-02 0.0009
  3.34925E-03 0.0017  2.28772E-05 0.0203  1.65002E-05 0.0240  6.15569E-06 0.0392
  4.88080E-06 0.0442  1.35647E-06 0.0846  8.17301E-01 0.0000
tfc   13       1       1       1       1       1       1     135       1
        8192000  8.17573E-01  1.46902E-04  5.94973E+04
       16384000  8.17352E-01  1.03927E-04  5.95028E+04
       24576000  8.17309E-01  0.00000E+00  1.00000E+30
       32768000  8.17321E-01  0.00000E+00  1.00000E+30
       40960000  8.17299E-01  0.00000E+00  1.00000E+30
       49152000  8.17306E-01  0.00000E+00  1.00000E+30
       57344000  8.17309E-01  0.00000E+00  1.00000E+30
       65536000  8.17305E-01  0.00000E+00  1.00000E+30
       73728000  8.17303E-01  0.00000E+00  1.00000E+30
       81920000  8.17283E-01  0.00000E+00  1.00000E+30
       90112000  8.17289E-01  0.00000E+00  1.00000E+30
       98304000  8.17298E-01  0.00000E+00  1.00000E+30
      100000000  8.17301E-01  0.00000E+00  1.00000E+30
tally   41                   -1    0    0
 0 1 0 0 0 0 0 0 0 0 0 0 0 0 0 0 0 0 0 0 0 0 0 0 0 0 0 0 0 0 0 0 0 0 0 0 0
f        1
      6
d        1
u        0
s        0
m        0
c        0
et      50
  5.00000E-01  6.00000E-01  7.00000E-01  8.00000E-01  9.00000E-01  1.00000E+00
  1.10000E+00  1.20000E+00  1.30000E+00  1.40000E+00  1.50000E+00  1.60000E+00
  1.70000E+00  1.80000E+00  1.90000E+00  2.00000E+00  2.10000E+00  2.20000E+00
  2.30000E+00  2.40000E+00  2.50000E+00  2.60000E+00  2.70000E+00  2.80000E+00
  2.90000E+00  3.00000E+00  3.10000E+00  3.20000E+00  3.30000E+00  3.40000E+00
  3.50000E+00  3.60000E+00  3.70000E+00  3.80000E+00  3.90000E+00  4.00000E+00
  4.50000E+00  5.00000E+00  5.50000E+00  6.00000E+00  6.50000E+00  7.00000E+00
  7.50000E+00  8.00000E+00  8.50000E+00  9.00000E+00  9.50000E+00  1.00000E+01
  1.05000E+01
t        0
vals
  2.19366E-01 0.0002  1.43303E-02 0.0009  1.03615E-02 0.0010  9.70478E-03 0.0011
  1.25786E-02 0.0009  9.01009E-03 0.0011  8.10536E-03 0.0012  7.72467E-03 0.0012
  1.50196E-02 0.0008  2.15245E-02 0.0007  6.83750E-03 0.0013  2.94332E-03 0.0019
  2.07136E-03 0.0023  2.06074E-03 0.0023  2.44375E-03 0.0021  3.13618E-03 0.0018
  1.78364E-03 0.0025  1.77785E-03 0.0025  1.67860E-03 0.0026  1.82948E-03 0.0025
  1.53016E-03 0.0027  5.11519E-03 0.0014  4.03910E-03 0.0016  1.23088E-03 0.0030
  1.12324E-03 0.0032  1.57047E-03 0.0027  1.32027E-03 0.0029  9.90931E-04 0.0034
  1.55273E-03 0.0027  1.74717E-03 0.0025  9.07195E-04 0.0036  9.69192E-04 0.0035
  1.26987E-03 0.0030  1.49014E-03 0.0027  1.18938E-03 0.0031  2.02537E-03 0.0023
  9.29682E-03 0.0011  4.88253E-03 0.0015  9.30742E-03 0.0011  1.85143E-03 0.0025
  1.47596E-03 0.0028  7.58102E-04 0.0040  5.18275E-04 0.0049  3.28385E-04 0.0062
  2.23781E-04 0.0075  1.63506E-04 0.0088  1.26787E-04 0.0099  7.27444E-05 0.0134
  4.62925E-05 0.0167  4.11411E-01 0.0002
tfc   13       1       1       1       1       1       1      50       1
        8192000  4.11246E-01  5.84247E-04  3.76151E+03
       16384000  4.11302E-01  4.12979E-04  3.76827E+03
       24576000  4.11326E-01  3.37163E-04  3.77020E+03
       32768000  4.11341E-01  2.91973E-04  3.77132E+03
       40960000  4.11301E-01  2.61161E-04  3.77119E+03
       49152000  4.11275E-01  2.38392E-04  3.77071E+03
       57344000  4.11343E-01  2.20689E-04  3.77120E+03
       65536000  4.11322E-01  2.06437E-04  3.77098E+03
       73728000  4.11339E-01  1.94627E-04  3.77149E+03
       81920000  4.11382E-01  1.84636E-04  3.77186E+03
       90112000  4.11415E-01  1.76031E-04  3.77215E+03
       98304000  4.11408E-01  1.68535E-04  3.77231E+03
      100000000  4.11411E-01  1.67099E-04  3.77230E+03
