mcnp       6     01/18/18 12:41:57     3        10000000      4496401899
   Leakage from Mn (61cm dia) sphere 3-d surface tally                          
ntal     2
   21   41
tally   21                   -1    0    0
 1 0 0 0 0 0 0 0 0 0 0 0 0 0 0 0 0 0 0 0 0 0 0 0 0 0 0 0 0 0 0 0 0 0 0 0 0
f        1
      6
d        1
u        0
s        0
m        0
c        0
et     141
  7.95200E-02  8.27600E-02  8.61400E-02  8.96500E-02  9.33100E-02  9.71200E-02
  1.01090E-01  1.05210E-01  1.09500E-01  1.13970E-01  1.18620E-01  1.23470E-01
  1.28500E-01  1.33750E-01  1.39210E-01  1.44890E-01  1.50800E-01  1.56960E-01
  1.63360E-01  1.70030E-01  1.76970E-01  1.84190E-01  1.91710E-01  1.99530E-01
  2.07670E-01  2.16150E-01  2.24970E-01  2.34150E-01  2.43710E-01  2.53650E-01
  2.64000E-01  2.74780E-01  2.85990E-01  2.97660E-01  3.09810E-01  3.22450E-01
  3.35610E-01  3.49310E-01  3.63570E-01  3.78400E-01  3.93850E-01  4.09920E-01
  4.26650E-01  4.44060E-01  4.62180E-01  4.81050E-01  5.00680E-01  5.21110E-01
  5.42380E-01  5.64510E-01  5.87550E-01  6.11530E-01  6.36480E-01  6.62460E-01
  6.89500E-01  7.17630E-01  7.46920E-01  7.77400E-01  8.09130E-01  8.42150E-01
  8.76520E-01  9.12290E-01  9.49520E-01  9.88270E-01  1.02860E+00  1.07060E+00
  1.11430E+00  1.15980E+00  1.20710E+00  1.25630E+00  1.30760E+00  1.36100E+00
  1.41650E+00  1.47430E+00  1.53450E+00  1.59710E+00  1.66230E+00  1.73010E+00
  1.80080E+00  1.87420E+00  1.95070E+00  2.03030E+00  2.11320E+00  2.19940E+00
  2.28920E+00  2.38260E+00  2.47990E+00  2.58110E+00  2.68640E+00  2.79600E+00
  2.91010E+00  3.02890E+00  3.15250E+00  3.28120E+00  3.41510E+00  3.55450E+00
  3.69950E+00  3.85050E+00  4.00760E+00  4.17120E+00  4.34140E+00  4.51860E+00
  4.70300E+00  4.89490E+00  5.09470E+00  5.30260E+00  5.51900E+00  5.74430E+00
  5.97870E+00  6.22270E+00  6.47660E+00  6.74100E+00  7.01610E+00  7.30240E+00
  7.60040E+00  7.91060E+00  8.23340E+00  8.56940E+00  8.91920E+00  9.28320E+00
  9.66200E+00  1.00560E+01  1.04670E+01  1.08940E+01  1.13390E+01  1.18010E+01
  1.22830E+01  1.27840E+01  1.33060E+01  1.38490E+01  1.44140E+01  1.50020E+01
  1.56150E+01  1.62520E+01  1.69150E+01  1.76050E+01  1.83240E+01  1.90720E+01
  1.98500E+01  2.06600E+01
t        0
vals
  1.53595E-01 0.0007  1.14675E-02 0.0028  2.23526E-03 0.0064  3.03826E-03 0.0055
  6.04816E-03 0.0039  9.95463E-03 0.0031  8.45517E-03 0.0033  2.36438E-02 0.0020
  9.09561E-03 0.0032  6.00549E-03 0.0039  7.43154E-03 0.0035  1.28933E-02 0.0027
  1.82651E-02 0.0023  3.92565E-03 0.0049  8.08849E-03 0.0034  5.38517E-03 0.0042
  7.75862E-03 0.0035  8.50363E-03 0.0033  7.17080E-03 0.0036  8.52357E-03 0.0033
  6.76471E-03 0.0037  9.22942E-03 0.0032  6.39237E-03 0.0038  7.87494E-03 0.0035
  1.27949E-02 0.0027  6.14304E-03 0.0039  1.10734E-02 0.0029  6.57411E-03 0.0038
  5.74179E-03 0.0041  9.35133E-03 0.0032  1.01573E-02 0.0030  1.11811E-02 0.0029
  8.99345E-03 0.0032  9.02374E-03 0.0032  8.78613E-03 0.0033  9.21436E-03 0.0032
  1.12557E-02 0.0029  1.32655E-02 0.0027  1.37225E-02 0.0026  1.35129E-02 0.0026
  1.28687E-02 0.0027  1.13428E-02 0.0029  1.04627E-02 0.0030  1.14740E-02 0.0029
  1.18192E-02 0.0028  1.03908E-02 0.0030  1.06053E-02 0.0030  1.27661E-02 0.0027
  1.72329E-02 0.0023  2.24696E-02 0.0020  1.84617E-02 0.0023  1.92059E-02 0.0022
  1.81473E-02 0.0023  1.40225E-02 0.0026  1.80562E-02 0.0023  2.04779E-02 0.0021
  1.92019E-02 0.0022  1.85468E-02 0.0023  1.87295E-02 0.0022  2.01231E-02 0.0022
  1.65021E-02 0.0024  1.79782E-02 0.0023  2.12715E-02 0.0021  1.95275E-02 0.0022
  1.52767E-02 0.0025  1.51315E-02 0.0025  1.69271E-02 0.0024  1.35554E-02 0.0026
  1.41223E-02 0.0026  1.11713E-02 0.0029  1.18760E-02 0.0028  1.19299E-02 0.0028
  1.15087E-02 0.0029  1.10482E-02 0.0029  1.10926E-02 0.0029  1.03621E-02 0.0030
  9.88629E-03 0.0031  9.46091E-03 0.0032  9.01191E-03 0.0033  8.44597E-03 0.0034
  7.89446E-03 0.0035  7.92207E-03 0.0035  7.28201E-03 0.0036  6.68581E-03 0.0038
  6.25431E-03 0.0039  5.97094E-03 0.0040  5.41011E-03 0.0042  5.20888E-03 0.0043
  4.95586E-03 0.0044  4.61652E-03 0.0046  4.29863E-03 0.0047  3.89511E-03 0.0050
  3.65535E-03 0.0051  3.42662E-03 0.0053  3.19729E-03 0.0055  2.99208E-03 0.0056
  2.76998E-03 0.0059  2.61433E-03 0.0060  2.42820E-03 0.0063  2.32013E-03 0.0064
  2.25871E-03 0.0065  2.20398E-03 0.0066  2.09439E-03 0.0067  2.06703E-03 0.0068
  2.02610E-03 0.0069  1.95114E-03 0.0070  1.88927E-03 0.0071  1.83798E-03 0.0072
  1.78769E-03 0.0073  1.73024E-03 0.0074  1.67463E-03 0.0076  1.59417E-03 0.0077
  1.53756E-03 0.0079  1.55258E-03 0.0078  1.48344E-03 0.0080  1.43156E-03 0.0082
  1.39726E-03 0.0083  1.38989E-03 0.0083  1.35864E-03 0.0084  1.36861E-03 0.0083
  1.34971E-03 0.0084  1.35354E-03 0.0084  1.39436E-03 0.0082  1.49069E-03 0.0080
  1.56497E-03 0.0078  1.54421E-03 0.0078  1.47176E-03 0.0080  2.04586E-03 0.0068
  3.43081E-03 0.0052  2.31295E-02 0.0020  3.69997E-02 0.0016  3.53361E-02 0.0016
  1.41947E-02 0.0026  1.42037E-02 0.0026  6.02295E-03 0.0040  1.97510E-05 0.0706
  1.93889E-05 0.0714  6.51002E-06 0.1231  5.62496E-06 0.1325  2.18950E-06 0.2132
  1.36905E+00 0.0001
tfc   20       1       1       1       1       1       1     141       1
         512000  1.37000E+00  5.05401E-04  3.31574E+04
        1024000  1.36955E+00  3.57427E-04  3.31216E+04
        1536000  1.36940E+00  2.91929E-04  3.31481E+04
        2048000  1.36978E+00  2.52751E-04  3.31825E+04
        2560000  1.36953E+00  2.26092E-04  3.31717E+04
        3072000  1.36944E+00  2.06387E-04  3.31706E+04
        3584000  1.36938E+00  1.91090E-04  3.31696E+04
        4096000  1.36919E+00  1.78759E-04  3.31748E+04
        4608000  1.36912E+00  1.68547E-04  3.31808E+04
        5120000  1.36913E+00  1.59891E-04  3.31871E+04
        5632000  1.36921E+00  1.52445E-04  3.31946E+04
        6144000  1.36917E+00  1.45959E-04  3.31935E+04
        6656000  1.36919E+00  1.40237E-04  3.31914E+04
        7168000  1.36912E+00  1.35144E-04  3.31872E+04
        7680000  1.36905E+00  1.30568E-04  3.31833E+04
        8192000  1.36904E+00  1.26425E-04  3.31792E+04
        8704000  1.36900E+00  1.22658E-04  3.31741E+04
        9216000  1.36906E+00  1.19197E-04  3.31742E+04
        9728000  1.36905E+00  1.16018E-04  3.31706E+04
       10000000  1.36905E+00  1.14430E-04  3.31695E+04
tally   41                   -1    0    0
 0 1 0 0 0 0 0 0 0 0 0 0 0 0 0 0 0 0 0 0 0 0 0 0 0 0 0 0 0 0 0 0 0 0 0 0 0
f        1
      6
d        1
u        0
s        0
m        0
c        0
et      50
  5.00000E-01  6.00000E-01  7.00000E-01  8.00000E-01  9.00000E-01  1.00000E+00
  1.10000E+00  1.20000E+00  1.30000E+00  1.40000E+00  1.50000E+00  1.60000E+00
  1.70000E+00  1.80000E+00  1.90000E+00  2.00000E+00  2.10000E+00  2.20000E+00
  2.30000E+00  2.40000E+00  2.50000E+00  2.60000E+00  2.70000E+00  2.80000E+00
  2.90000E+00  3.00000E+00  3.10000E+00  3.20000E+00  3.30000E+00  3.40000E+00
  3.50000E+00  3.60000E+00  3.70000E+00  3.80000E+00  3.90000E+00  4.00000E+00
  4.50000E+00  5.00000E+00  5.50000E+00  6.00000E+00  6.50000E+00  7.00000E+00
  7.50000E+00  8.00000E+00  8.50000E+00  9.00000E+00  9.50000E+00  1.00000E+01
  1.05000E+01
t        0
vals
  1.02390E-01 0.0011  1.77356E-02 0.0026  1.11760E-02 0.0032  1.05714E-02 0.0033
  1.89112E-02 0.0024  8.51177E-03 0.0037  7.34664E-03 0.0040  7.06173E-03 0.0041
  6.50446E-03 0.0042  5.15960E-03 0.0048  5.42842E-03 0.0046  5.23804E-03 0.0047
  3.58098E-03 0.0057  3.58537E-03 0.0057  3.64948E-03 0.0056  2.95589E-03 0.0063
  2.96812E-03 0.0064  3.16296E-03 0.0061  4.36531E-03 0.0051  3.12988E-03 0.0061
  2.64184E-03 0.0067  2.82737E-03 0.0064  2.93683E-03 0.0063  2.64929E-03 0.0066
  2.34752E-03 0.0071  2.64415E-03 0.0067  2.21134E-03 0.0073  1.96480E-03 0.0077
  1.89286E-03 0.0079  1.77291E-03 0.0081  1.69065E-03 0.0084  1.68220E-03 0.0084
  1.55080E-03 0.0087  1.45450E-03 0.0090  1.40924E-03 0.0095  1.30973E-03 0.0095
  5.60490E-03 0.0046  4.27541E-03 0.0053  3.17999E-03 0.0062  2.33222E-03 0.0073
  1.66981E-03 0.0085  1.17434E-03 0.0102  8.02114E-04 0.0129  4.61814E-04 0.0164
  3.18123E-04 0.0197  2.38681E-04 0.0227  1.67460E-04 0.0268  9.77900E-05 0.0355
  3.79932E-05 0.0571  2.86780E-01 0.0007
tfc   20       1       1       1       1       1       1      50       1
         512000  2.86996E-01  3.07605E-03  8.95089E+02
        1024000  2.86996E-01  2.16966E-03  8.98885E+02
        1536000  2.86424E-01  1.77174E-03  8.99932E+02
        2048000  2.86539E-01  1.53396E-03  9.00882E+02
        2560000  2.86715E-01  1.37285E-03  8.99693E+02
        3072000  2.86938E-01  1.25256E-03  9.00579E+02
        3584000  2.86916E-01  1.15968E-03  9.00628E+02
        4096000  2.87002E-01  1.08448E-03  9.01356E+02
        4608000  2.86832E-01  1.02264E-03  9.01327E+02
        5120000  2.86877E-01  9.70045E-04  9.01636E+02
        5632000  2.86789E-01  9.24861E-04  9.01865E+02
        6144000  2.86769E-01  8.85492E-04  9.01869E+02
        6656000  2.86673E-01  8.50799E-04  9.01778E+02
        7168000  2.86619E-01  8.19772E-04  9.01937E+02
        7680000  2.86632E-01  7.92621E-04  9.00460E+02
        8192000  2.86590E-01  7.67414E-04  9.00481E+02
        8704000  2.86687E-01  7.44544E-04  9.00356E+02
        9216000  2.86682E-01  7.23491E-04  9.00465E+02
        9728000  2.86793E-01  7.04310E-04  9.00063E+02
       10000000  2.86780E-01  6.94658E-04  9.00074E+02
