mcnp       6     01/18/18 12:55:13     5       100000000      8498542277
   Leakage from Si (60cm dia) sphere 3-d surface tally                          
ntal     2
   21   41
tally   21                   -1    0    0
 1 0 0 0 0 0 0 0 0 0 0 0 0 0 0 0 0 0 0 0 0 0 0 0 0 0 0 0 0 0 0 0 0 0 0 0 0
f        1
      6
d        1
u        0
s        0
m        0
c        0
et     109
  9.14600E-02  9.61500E-02  1.01080E-01  1.06260E-01  1.11710E-01  1.17440E-01
  1.23460E-01  1.29790E-01  1.36440E-01  1.43440E-01  1.50790E-01  1.58530E-01
  1.66650E-01  1.75200E-01  1.84180E-01  1.93620E-01  2.03550E-01  2.13990E-01
  2.24960E-01  2.36490E-01  2.48620E-01  2.61360E-01  2.74760E-01  2.88850E-01
  3.03660E-01  3.19230E-01  3.35600E-01  3.52800E-01  3.70890E-01  3.89910E-01
  4.09900E-01  4.30920E-01  4.53010E-01  4.76240E-01  5.00650E-01  5.26320E-01
  5.53310E-01  5.81680E-01  6.11500E-01  6.42850E-01  6.75810E-01  7.10460E-01
  7.46890E-01  7.85180E-01  8.25440E-01  8.67760E-01  9.12250E-01  9.59020E-01
  1.00820E+00  1.05990E+00  1.11420E+00  1.17140E+00  1.23140E+00  1.29450E+00
  1.36090E+00  1.43070E+00  1.50400E+00  1.58120E+00  1.66220E+00  1.74750E+00
  1.83700E+00  1.93120E+00  2.03020E+00  2.13430E+00  2.24380E+00  2.35880E+00
  2.47980E+00  2.60690E+00  2.74050E+00  2.88110E+00  3.02880E+00  3.18410E+00
  3.34730E+00  3.51890E+00  3.69930E+00  3.88900E+00  4.08840E+00  4.29900E+00
  4.51840E+00  4.75010E+00  4.99360E+00  5.24960E+00  5.51880E+00  5.80170E+00
  6.09920E+00  6.41190E+00  6.74060E+00  7.08620E+00  7.44960E+00  7.83150E+00
  8.23300E+00  8.65520E+00  9.09890E+00  9.56540E+00  1.00560E+01  1.05710E+01
  1.11130E+01  1.16830E+01  1.22820E+01  1.29120E+01  1.35740E+01  1.42700E+01
  1.50020E+01  1.57710E+01  1.65790E+01  1.74290E+01  1.83230E+01  1.92620E+01
t        0
vals
  3.73523E-03 0.0014  2.27778E-04 0.0059  1.96135E-04 0.0063  2.33974E-04 0.0058
  2.56854E-04 0.0055  3.03576E-04 0.0051  4.00041E-04 0.0044  5.94388E-04 0.0037
  1.32176E-03 0.0025  1.94243E-03 0.0020  3.12532E-03 0.0016  4.40572E-03 0.0014
  2.83928E-03 0.0017  1.03222E-03 0.0028  4.46816E-04 0.0042  3.10683E-04 0.0051
  3.87483E-04 0.0046  5.17391E-04 0.0040  6.54517E-04 0.0035  7.92121E-04 0.0032
  9.32577E-04 0.0029  1.06725E-03 0.0028  1.32908E-03 0.0025  1.28079E-03 0.0025
  1.56000E-03 0.0023  1.83981E-03 0.0021  1.68469E-03 0.0022  2.10824E-03 0.0020
  2.23450E-03 0.0019  2.48250E-03 0.0018  2.37488E-03 0.0019  2.49482E-03 0.0018
  2.70553E-03 0.0017  2.96514E-03 0.0017  3.11650E-03 0.0016  2.67804E-03 0.0017
  3.08267E-03 0.0016  2.33923E-03 0.0019  4.10816E-03 0.0014  4.47313E-03 0.0014
  4.59247E-03 0.0013  5.10736E-03 0.0013  4.40201E-03 0.0014  4.53510E-03 0.0013
  3.36782E-03 0.0016  3.97414E-03 0.0014  5.04576E-03 0.0013  3.91340E-03 0.0014
  3.87091E-03 0.0014  5.34966E-03 0.0012  6.47985E-03 0.0011  7.15086E-03 0.0011
  6.25175E-03 0.0011  6.78136E-03 0.0011  6.21006E-03 0.0011  6.53210E-03 0.0011
  5.75882E-03 0.0012  5.48210E-03 0.0012  3.89536E-03 0.0014  5.96499E-03 0.0012
  7.25341E-03 0.0010  4.36855E-03 0.0013  4.96575E-03 0.0013  5.65011E-03 0.0012
  5.56086E-03 0.0012  5.74886E-03 0.0012  6.08354E-03 0.0011  5.05557E-03 0.0013
  5.66518E-03 0.0012  5.20346E-03 0.0012  5.45777E-03 0.0012  4.49342E-03 0.0013
  4.88685E-03 0.0013  4.62139E-03 0.0013  5.29134E-03 0.0012  4.59053E-03 0.0013
  4.05944E-03 0.0014  4.11260E-03 0.0014  3.70316E-03 0.0014  3.37403E-03 0.0015
  3.17815E-03 0.0015  3.06062E-03 0.0016  3.53877E-03 0.0014  3.09391E-03 0.0015
  3.12269E-03 0.0015  3.11517E-03 0.0015  3.26290E-03 0.0015  3.21467E-03 0.0015
  3.05670E-03 0.0015  2.66505E-03 0.0016  2.34974E-03 0.0018  2.42032E-03 0.0017
  2.67696E-03 0.0016  2.80743E-03 0.0016  2.61060E-03 0.0017  2.57785E-03 0.0017
  3.18942E-03 0.0015  4.53776E-03 0.0012  8.51660E-03 0.0009  1.11141E-02 0.0008
  1.66671E-02 0.0007  1.25641E-01 0.0002  1.89260E-01 0.0002  9.99449E-02 0.0003
  5.74236E-02 0.0004  2.04825E-03 0.0021  3.84452E-04 0.0050  2.53656E-05 0.0193
  8.40896E-01 0.0000
tfc   13       1       1       1       1       1       1     109       1
        8192000  8.41004E-01  1.02877E-04  2.52163E+05
       16384000  8.40964E-01  0.00000E+00  1.00000E+30
       24576000  8.40941E-01  0.00000E+00  1.00000E+30
       32768000  8.40917E-01  0.00000E+00  1.00000E+30
       40960000  8.40896E-01  0.00000E+00  1.00000E+30
       49152000  8.40890E-01  0.00000E+00  1.00000E+30
       57344000  8.40865E-01  0.00000E+00  1.00000E+30
       65536000  8.40877E-01  0.00000E+00  1.00000E+30
       73728000  8.40889E-01  0.00000E+00  1.00000E+30
       81920000  8.40890E-01  0.00000E+00  1.00000E+30
       90112000  8.40893E-01  0.00000E+00  1.00000E+30
       98304000  8.40892E-01  0.00000E+00  1.00000E+30
      100000000  8.40896E-01  0.00000E+00  1.00000E+30
tally   41                   -1    0    0
 0 1 0 0 0 0 0 0 0 0 0 0 0 0 0 0 0 0 0 0 0 0 0 0 0 0 0 0 0 0 0 0 0 0 0 0 0
f        1
      6
d        1
u        0
s        0
m        0
c        0
et      52
  3.00000E-01  4.00000E-01  5.00000E-01  6.00000E-01  7.00000E-01  8.00000E-01
  9.00000E-01  1.00000E+00  1.10000E+00  1.20000E+00  1.30000E+00  1.40000E+00
  1.50000E+00  1.60000E+00  1.70000E+00  1.80000E+00  1.90000E+00  2.00000E+00
  2.10000E+00  2.20000E+00  2.30000E+00  2.40000E+00  2.50000E+00  2.60000E+00
  2.70000E+00  2.80000E+00  2.90000E+00  3.00000E+00  3.10000E+00  3.20000E+00
  3.30000E+00  3.40000E+00  3.50000E+00  3.60000E+00  3.70000E+00  3.80000E+00
  3.90000E+00  4.00000E+00  4.50000E+00  5.00000E+00  5.50000E+00  6.00000E+00
  6.50000E+00  7.00000E+00  7.50000E+00  8.00000E+00  8.50000E+00  9.00000E+00
  9.50000E+00  1.00000E+01  1.05000E+01
t        0
vals
  1.05850E-01 0.0003  3.49354E-02 0.0005  2.78143E-02 0.0006  3.44189E-02 0.0006
  1.65740E-02 0.0008  1.53723E-02 0.0008  1.86453E-02 0.0008  1.65318E-02 0.0008
  1.30161E-02 0.0009  1.15678E-02 0.0010  1.20915E-02 0.0009  1.14003E-02 0.0010
  1.16738E-02 0.0010  1.08668E-02 0.0010  1.23581E-02 0.0009  4.64637E-02 0.0005
  9.63160E-03 0.0010  6.35714E-03 0.0013  5.37874E-03 0.0014  5.15383E-03 0.0014
  5.88987E-03 0.0013  3.86543E-03 0.0016  4.33725E-03 0.0015  4.38902E-03 0.0015
  3.91367E-03 0.0016  5.33939E-03 0.0014  9.89450E-03 0.0010  4.45922E-03 0.0015
  3.51537E-03 0.0017  3.79863E-03 0.0017  3.12546E-03 0.0018  3.31764E-03 0.0018
  3.11494E-03 0.0018  2.79797E-03 0.0019  2.95445E-03 0.0019  3.00837E-03 0.0019
  2.64207E-03 0.0020  3.67868E-03 0.0017  1.46170E-02 0.0008  1.26798E-02 0.0009
  1.38309E-02 0.0009  8.71128E-03 0.0011  7.79968E-03 0.0011  9.92609E-03 0.0010
  6.73128E-03 0.0012  4.54499E-03 0.0015  3.45767E-03 0.0017  2.83634E-03 0.0019
  2.41402E-03 0.0020  2.13615E-03 0.0022  1.46129E-03 0.0026  5.91290E-01 0.0001
tfc   13       1       1       1       1       1       1      52       1
        8192000  5.91108E-01  4.71660E-04  1.19966E+04
       16384000  5.91231E-01  3.33472E-04  1.20226E+04
       24576000  5.91296E-01  2.72208E-04  1.20325E+04
       32768000  5.91298E-01  2.35725E-04  1.20437E+04
       40960000  5.91341E-01  2.10842E-04  1.20468E+04
       49152000  5.91336E-01  1.92449E-04  1.20509E+04
       57344000  5.91329E-01  1.78176E-04  1.20498E+04
       65536000  5.91296E-01  1.66666E-04  1.20489E+04
       73728000  5.91268E-01  1.57135E-04  1.20477E+04
       81920000  5.91291E-01  1.49072E-04  1.20448E+04
       90112000  5.91301E-01  1.42135E-04  1.20435E+04
       98304000  5.91285E-01  1.36082E-04  1.20439E+04
      100000000  5.91290E-01  1.34923E-04  1.20435E+04
