mcnp       6     01/18/18 13:15:33     6       100000000     19987289558
   Leakage from Zr (61cm dia) sphere 3-d surface tally                          
ntal     1
   21
tally   21                   -1    0    0
 1 0 0 0 0 0 0 0 0 0 0 0 0 0 0 0 0 0 0 0 0 0 0 0 0 0 0 0 0 0 0 0 0 0 0 0 0
f        1
      6
d        1
u        0
s        0
m        0
c        0
et     153
  4.92000E-02  5.12100E-02  5.33000E-02  5.54800E-02  5.77400E-02  6.01000E-02
  6.25500E-02  6.51000E-02  6.77600E-02  7.05300E-02  7.34000E-02  7.64000E-02
  7.95200E-02  8.27600E-02  8.61400E-02  8.96500E-02  9.33100E-02  9.71200E-02
  1.01090E-01  1.05210E-01  1.09500E-01  1.13970E-01  1.18620E-01  1.23470E-01
  1.28500E-01  1.33750E-01  1.39210E-01  1.44890E-01  1.50800E-01  1.56960E-01
  1.63360E-01  1.70030E-01  1.76970E-01  1.84190E-01  1.91710E-01  1.99530E-01
  2.07670E-01  2.16150E-01  2.24970E-01  2.34150E-01  2.43710E-01  2.53650E-01
  2.64000E-01  2.74780E-01  2.85990E-01  2.97660E-01  3.09810E-01  3.22450E-01
  3.35610E-01  3.49310E-01  3.63570E-01  3.78400E-01  3.93850E-01  4.09920E-01
  4.26650E-01  4.44060E-01  4.62180E-01  4.81050E-01  5.00680E-01  5.21110E-01
  5.42380E-01  5.64510E-01  5.87550E-01  6.11530E-01  6.36480E-01  6.62460E-01
  6.89500E-01  7.17630E-01  7.46920E-01  7.77400E-01  8.09130E-01  8.42150E-01
  8.76520E-01  9.12290E-01  9.49520E-01  9.88270E-01  1.02860E+00  1.07060E+00
  1.11430E+00  1.15980E+00  1.20710E+00  1.25630E+00  1.30760E+00  1.36100E+00
  1.41650E+00  1.47430E+00  1.53450E+00  1.59710E+00  1.66230E+00  1.73010E+00
  1.80080E+00  1.87420E+00  1.95070E+00  2.03030E+00  2.11320E+00  2.19940E+00
  2.28920E+00  2.38260E+00  2.47990E+00  2.58110E+00  2.68640E+00  2.79600E+00
  2.91010E+00  3.02890E+00  3.15250E+00  3.28120E+00  3.41510E+00  3.55450E+00
  3.69950E+00  3.85050E+00  4.00760E+00  4.17120E+00  4.34140E+00  4.51860E+00
  4.70300E+00  4.89490E+00  5.09470E+00  5.30260E+00  5.51900E+00  5.74430E+00
  5.97870E+00  6.22270E+00  6.47660E+00  6.74100E+00  7.01610E+00  7.30240E+00
  7.60040E+00  7.91060E+00  8.23340E+00  8.56940E+00  8.91920E+00  9.28320E+00
  9.66200E+00  1.00560E+01  1.04670E+01  1.08940E+01  1.13390E+01  1.18010E+01
  1.22830E+01  1.27840E+01  1.33060E+01  1.38490E+01  1.44140E+01  1.50020E+01
  1.56150E+01  1.62520E+01  1.69150E+01  1.76050E+01  1.83240E+01  1.90720E+01
  1.98500E+01  2.06600E+01
t        0
vals
  1.31818E-02 0.0008  8.65632E-04 0.0033  9.55924E-04 0.0032  1.04448E-03 0.0030
  1.22149E-03 0.0028  1.28217E-03 0.0027  1.45335E-03 0.0026  1.47667E-03 0.0025
  1.43444E-03 0.0026  1.59398E-03 0.0024  2.05365E-03 0.0022  1.56290E-03 0.0025
  2.45045E-03 0.0020  2.53300E-03 0.0019  1.81166E-03 0.0023  2.22183E-03 0.0021
  3.04204E-03 0.0018  2.93442E-03 0.0018  2.65397E-03 0.0019  2.66151E-03 0.0019
  2.89036E-03 0.0018  3.08122E-03 0.0018  3.42672E-03 0.0017  3.66345E-03 0.0016
  4.09073E-03 0.0015  4.01186E-03 0.0015  5.16957E-03 0.0014  3.10252E-03 0.0018
  3.85915E-03 0.0016  4.63041E-03 0.0014  4.71711E-03 0.0014  5.18811E-03 0.0014
  5.08358E-03 0.0014  6.13265E-03 0.0013  5.27262E-03 0.0013  5.24980E-03 0.0014
  5.91788E-03 0.0013  6.25258E-03 0.0012  6.47549E-03 0.0012  6.83816E-03 0.0012
  7.01865E-03 0.0012  7.01153E-03 0.0012  7.72655E-03 0.0011  8.54003E-03 0.0011
  7.41687E-03 0.0011  8.49890E-03 0.0011  9.38293E-03 0.0010  9.21524E-03 0.0010
  8.63474E-03 0.0011  9.85449E-03 0.0010  1.04579E-02 0.0010  1.04575E-02 0.0010
  1.01732E-02 0.0010  1.03624E-02 0.0010  1.02753E-02 0.0010  1.10395E-02 0.0009
  1.12576E-02 0.0009  1.16576E-02 0.0009  1.19955E-02 0.0009  1.19160E-02 0.0009
  1.25572E-02 0.0009  1.29156E-02 0.0009  1.32095E-02 0.0009  1.41642E-02 0.0008
  1.38471E-02 0.0008  1.45042E-02 0.0008  1.43139E-02 0.0008  1.51222E-02 0.0008
  1.46343E-02 0.0008  1.44833E-02 0.0008  1.45302E-02 0.0008  1.51771E-02 0.0008
  1.48721E-02 0.0008  1.49098E-02 0.0008  1.49304E-02 0.0008  1.43370E-02 0.0008
  1.39720E-02 0.0008  1.34635E-02 0.0008  1.37536E-02 0.0008  1.34824E-02 0.0008
  1.37403E-02 0.0008  1.32609E-02 0.0009  1.30046E-02 0.0009  1.30136E-02 0.0009
  1.30228E-02 0.0009  1.24343E-02 0.0009  1.24089E-02 0.0009  1.18779E-02 0.0009
  1.16237E-02 0.0009  1.12996E-02 0.0009  1.08412E-02 0.0009  1.03190E-02 0.0010
  9.64610E-03 0.0010  9.26467E-03 0.0010  8.69103E-03 0.0011  8.16688E-03 0.0011
  7.55391E-03 0.0011  6.98714E-03 0.0012  6.52500E-03 0.0012  6.19811E-03 0.0013
  5.98958E-03 0.0013  5.79462E-03 0.0013  5.57457E-03 0.0013  5.31081E-03 0.0014
  4.82796E-03 0.0014  4.58147E-03 0.0015  4.34776E-03 0.0015  4.14684E-03 0.0015
  3.92350E-03 0.0016  3.63335E-03 0.0016  3.42114E-03 0.0017  3.16852E-03 0.0017
  3.05833E-03 0.0018  2.94896E-03 0.0018  2.75721E-03 0.0019  2.66334E-03 0.0019
  2.53172E-03 0.0020  2.39887E-03 0.0020  2.31800E-03 0.0020  2.21457E-03 0.0021
  2.14866E-03 0.0021  2.05467E-03 0.0022  1.97829E-03 0.0022  1.92394E-03 0.0022
  1.86588E-03 0.0023  1.83787E-03 0.0023  1.81076E-03 0.0023  1.79782E-03 0.0023
  1.80344E-03 0.0023  1.81875E-03 0.0023  1.82794E-03 0.0023  1.86264E-03 0.0023
  1.87409E-03 0.0023  1.87794E-03 0.0023  2.02731E-03 0.0022  2.45010E-03 0.0020
  3.04263E-03 0.0018  3.82914E-03 0.0016  4.26576E-03 0.0015  7.83203E-03 0.0011
  8.52357E-03 0.0011  4.91147E-02 0.0004  8.41039E-02 0.0003  8.45593E-02 0.0003
  4.81833E-02 0.0004  4.93837E-02 0.0004  2.31428E-02 0.0006  1.19751E-04 0.0090
  1.18274E-04 0.0091  5.70427E-05 0.0131  5.67650E-05 0.0131  2.71678E-05 0.0191
  1.30237E+00 0.0000
tfc   13       1       1       1       1       1       1     153       1
        8192000  1.30200E+00  1.22755E-04  1.33059E+05
       16384000  1.30230E+00  0.00000E+00  1.00000E+30
       24576000  1.30230E+00  0.00000E+00  1.00000E+30
       32768000  1.30237E+00  0.00000E+00  1.00000E+30
       40960000  1.30239E+00  0.00000E+00  1.00000E+30
       49152000  1.30239E+00  0.00000E+00  1.00000E+30
       57344000  1.30236E+00  0.00000E+00  1.00000E+30
       65536000  1.30234E+00  0.00000E+00  1.00000E+30
       73728000  1.30237E+00  0.00000E+00  1.00000E+30
       81920000  1.30236E+00  0.00000E+00  1.00000E+30
       90112000  1.30236E+00  0.00000E+00  1.00000E+30
       98304000  1.30237E+00  0.00000E+00  1.00000E+30
      100000000  1.30237E+00  0.00000E+00  1.00000E+30
