mcnp       6     01/18/18 12:16:49     3        10000000      7139779660
   Leakage from Cu (61cm dia) sphere 3-d surface tally                          
ntal     2
   21   41
tally   21                   -1    0    0
 1 0 0 0 0 0 0 0 0 0 0 0 0 0 0 0 0 0 0 0 0 0 0 0 0 0 0 0 0 0 0 0 0 0 0 0 0
f        1
      6
d        1
u        0
s        0
m        0
c        0
et     141
  7.95200E-02  8.27600E-02  8.61400E-02  8.96500E-02  9.33100E-02  9.71200E-02
  1.01090E-01  1.05210E-01  1.09500E-01  1.13970E-01  1.18620E-01  1.23470E-01
  1.28500E-01  1.33750E-01  1.39210E-01  1.44890E-01  1.50800E-01  1.56960E-01
  1.63360E-01  1.70030E-01  1.76970E-01  1.84190E-01  1.91710E-01  1.99530E-01
  2.07670E-01  2.16150E-01  2.24970E-01  2.34150E-01  2.43710E-01  2.53650E-01
  2.64000E-01  2.74780E-01  2.85990E-01  2.97660E-01  3.09810E-01  3.22450E-01
  3.35610E-01  3.49310E-01  3.63570E-01  3.78400E-01  3.93850E-01  4.09920E-01
  4.26650E-01  4.44060E-01  4.62180E-01  4.81050E-01  5.00680E-01  5.21110E-01
  5.42380E-01  5.64510E-01  5.87550E-01  6.11530E-01  6.36480E-01  6.62460E-01
  6.89500E-01  7.17630E-01  7.46920E-01  7.77400E-01  8.09130E-01  8.42150E-01
  8.76520E-01  9.12290E-01  9.49520E-01  9.88270E-01  1.02860E+00  1.07060E+00
  1.11430E+00  1.15980E+00  1.20710E+00  1.25630E+00  1.30760E+00  1.36100E+00
  1.41650E+00  1.47430E+00  1.53450E+00  1.59710E+00  1.66230E+00  1.73010E+00
  1.80080E+00  1.87420E+00  1.95070E+00  2.03030E+00  2.11320E+00  2.19940E+00
  2.28920E+00  2.38260E+00  2.47990E+00  2.58110E+00  2.68640E+00  2.79600E+00
  2.91010E+00  3.02890E+00  3.15250E+00  3.28120E+00  3.41510E+00  3.55450E+00
  3.69950E+00  3.85050E+00  4.00760E+00  4.17120E+00  4.34140E+00  4.51860E+00
  4.70300E+00  4.89490E+00  5.09470E+00  5.30260E+00  5.51900E+00  5.74430E+00
  5.97870E+00  6.22270E+00  6.47660E+00  6.74100E+00  7.01610E+00  7.30240E+00
  7.60040E+00  7.91060E+00  8.23340E+00  8.56940E+00  8.91920E+00  9.28320E+00
  9.66200E+00  1.00560E+01  1.04670E+01  1.08940E+01  1.13390E+01  1.18010E+01
  1.22830E+01  1.27840E+01  1.33060E+01  1.38490E+01  1.44140E+01  1.50020E+01
  1.56150E+01  1.62520E+01  1.69150E+01  1.76050E+01  1.83240E+01  1.90720E+01
  1.98500E+01  2.06600E+01
t        0
vals
  1.70351E-01 0.0006  5.60058E-03 0.0037  3.28323E-03 0.0049  6.54217E-03 0.0035
  5.10804E-03 0.0039  5.95564E-03 0.0036  6.42797E-03 0.0035  6.48776E-03 0.0035
  6.22559E-03 0.0036  6.61671E-03 0.0035  9.31520E-03 0.0029  1.12606E-02 0.0027
  7.49301E-03 0.0033  9.63736E-03 0.0029  9.25449E-03 0.0030  5.27225E-03 0.0039
  8.95578E-03 0.0030  8.69899E-03 0.0031  1.04508E-02 0.0028  1.07485E-02 0.0028
  9.89751E-03 0.0029  1.35053E-02 0.0025  1.06069E-02 0.0028  8.47443E-03 0.0031
  9.59441E-03 0.0030  1.19002E-02 0.0027  1.12043E-02 0.0027  1.21362E-02 0.0026
  1.17543E-02 0.0027  9.73348E-03 0.0029  1.37283E-02 0.0025  1.66640E-02 0.0023
  1.28351E-02 0.0026  1.25742E-02 0.0026  1.23937E-02 0.0026  1.38416E-02 0.0025
  1.38362E-02 0.0025  1.54463E-02 0.0024  1.56912E-02 0.0023  1.46981E-02 0.0024
  1.59577E-02 0.0023  1.47371E-02 0.0024  1.49664E-02 0.0024  1.44847E-02 0.0024
  1.35270E-02 0.0025  1.34565E-02 0.0025  1.37487E-02 0.0025  1.45891E-02 0.0024
  1.44187E-02 0.0025  1.45845E-02 0.0024  1.48660E-02 0.0024  1.55781E-02 0.0024
  1.43047E-02 0.0025  1.49873E-02 0.0024  1.49054E-02 0.0024  1.48109E-02 0.0024
  1.28963E-02 0.0026  1.35206E-02 0.0026  1.17505E-02 0.0027  1.15153E-02 0.0028
  1.15851E-02 0.0028  1.10342E-02 0.0028  1.05138E-02 0.0029  9.83153E-03 0.0030
  8.43719E-03 0.0033  7.94702E-03 0.0034  7.94074E-03 0.0034  8.53957E-03 0.0032
  8.13422E-03 0.0033  7.31361E-03 0.0035  6.83360E-03 0.0036  6.87178E-03 0.0036
  6.29607E-03 0.0038  5.94666E-03 0.0039  5.44654E-03 0.0041  5.16703E-03 0.0042
  4.87851E-03 0.0043  4.71958E-03 0.0044  4.31324E-03 0.0046  4.25964E-03 0.0046
  3.83959E-03 0.0048  3.63165E-03 0.0050  3.45961E-03 0.0051  3.29064E-03 0.0052
  3.13009E-03 0.0054  2.97897E-03 0.0055  2.80779E-03 0.0056  2.72547E-03 0.0057
  2.56580E-03 0.0059  2.40155E-03 0.0061  2.29183E-03 0.0062  2.17224E-03 0.0064
  2.04647E-03 0.0066  1.95997E-03 0.0067  1.90382E-03 0.0068  1.81081E-03 0.0070
  1.72483E-03 0.0072  1.62102E-03 0.0074  1.55195E-03 0.0076  1.44269E-03 0.0078
  1.39849E-03 0.0080  1.32791E-03 0.0082  1.29100E-03 0.0083  1.24941E-03 0.0084
  1.18581E-03 0.0086  1.14803E-03 0.0088  1.10081E-03 0.0090  1.05792E-03 0.0091
  1.05232E-03 0.0092  1.02914E-03 0.0093  9.99001E-04 0.0094  9.71667E-04 0.0095
  9.58741E-04 0.0096  9.39750E-04 0.0097  9.50605E-04 0.0096  9.42065E-04 0.0096
  9.40005E-04 0.0096  9.65752E-04 0.0095  9.67097E-04 0.0095  1.01000E-03 0.0093
  1.07647E-03 0.0090  1.15023E-03 0.0087  1.19557E-03 0.0085  1.16001E-03 0.0086
  1.15917E-03 0.0086  1.21763E-03 0.0084  1.79068E-03 0.0069  2.33003E-03 0.0061
  2.99843E-03 0.0054  1.69869E-02 0.0023  2.60293E-02 0.0019  2.40019E-02 0.0019
  9.22834E-03 0.0032  9.16488E-03 0.0032  3.82394E-03 0.0050  1.20994E-05 0.0882
  1.26532E-05 0.0865  3.33608E-06 0.1670  3.63038E-06 0.1603  1.29157E-06 0.2774
  1.16801E+00 0.0001
tfc   20       1       1       1       1       1       1     141       1
         512000  1.16794E+00  5.09379E-04  2.97584E+04
        1024000  1.16748E+00  3.60301E-04  2.97583E+04
        1536000  1.16785E+00  2.94064E-04  2.98105E+04
        2048000  1.16797E+00  2.54683E-04  2.97868E+04
        2560000  1.16816E+00  2.27779E-04  2.97996E+04
        3072000  1.16804E+00  2.07942E-04  2.98037E+04
        3584000  1.16796E+00  1.92520E-04  2.98025E+04
        4096000  1.16799E+00  1.80088E-04  2.98179E+04
        4608000  1.16801E+00  1.69778E-04  2.98345E+04
        5120000  1.16801E+00  1.61072E-04  2.98371E+04
        5632000  1.16803E+00  1.53567E-04  2.98470E+04
        6144000  1.16807E+00  1.47028E-04  2.98614E+04
        6656000  1.16810E+00  1.41258E-04  2.98729E+04
        7168000  1.16806E+00  1.36118E-04  2.98818E+04
        7680000  1.16805E+00  1.31497E-04  2.98902E+04
        8192000  1.16807E+00  1.27324E-04  2.98979E+04
        8704000  1.16803E+00  1.23521E-04  2.99021E+04
        9216000  1.16803E+00  1.20041E-04  2.99078E+04
        9728000  1.16803E+00  1.16843E-04  2.99112E+04
       10000000  1.16801E+00  1.15244E-04  2.99132E+04
tally   41                   -1    0    0
 0 1 0 0 0 0 0 0 0 0 0 0 0 0 0 0 0 0 0 0 0 0 0 0 0 0 0 0 0 0 0 0 0 0 0 0 0
f        1
      6
d        1
u        0
s        0
m        0
c        0
et      50
  5.00000E-01  6.00000E-01  7.00000E-01  8.00000E-01  9.00000E-01  1.00000E+00
  1.10000E+00  1.20000E+00  1.30000E+00  1.40000E+00  1.50000E+00  1.60000E+00
  1.70000E+00  1.80000E+00  1.90000E+00  2.00000E+00  2.10000E+00  2.20000E+00
  2.30000E+00  2.40000E+00  2.50000E+00  2.60000E+00  2.70000E+00  2.80000E+00
  2.90000E+00  3.00000E+00  3.10000E+00  3.20000E+00  3.30000E+00  3.40000E+00
  3.50000E+00  3.60000E+00  3.70000E+00  3.80000E+00  3.90000E+00  4.00000E+00
  4.50000E+00  5.00000E+00  5.50000E+00  6.00000E+00  6.50000E+00  7.00000E+00
  7.50000E+00  8.00000E+00  8.50000E+00  9.00000E+00  9.50000E+00  1.00000E+01
  1.05000E+01
t        0
vals
  7.11587E-02 0.0013  1.51188E-02 0.0026  1.08816E-02 0.0031  8.44631E-03 0.0035
  9.43837E-03 0.0033  8.99655E-03 0.0034  5.55609E-03 0.0044  7.35070E-03 0.0038
  4.55022E-03 0.0048  5.28094E-03 0.0045  5.18050E-03 0.0045  3.67639E-03 0.0053
  3.09554E-03 0.0058  2.98168E-03 0.0059  2.88550E-03 0.0060  2.40793E-03 0.0066
  2.55594E-03 0.0064  2.23859E-03 0.0068  2.10986E-03 0.0070  2.12786E-03 0.0070
  2.03473E-03 0.0072  1.95636E-03 0.0073  1.75752E-03 0.0077  1.69953E-03 0.0079
  1.63100E-03 0.0080  1.59951E-03 0.0081  1.46955E-03 0.0084  1.41520E-03 0.0086
  1.34358E-03 0.0088  1.28721E-03 0.0090  1.20698E-03 0.0093  1.18520E-03 0.0094
  1.13447E-03 0.0096  1.06511E-03 0.0099  9.96442E-04 0.0103  9.65861E-04 0.0104
  4.23439E-03 0.0050  3.43489E-03 0.0055  2.70396E-03 0.0062  2.09580E-03 0.0071
  1.61493E-03 0.0080  1.21597E-03 0.0093  9.37712E-04 0.0106  2.91872E-04 0.0191
  1.32651E-04 0.0285  8.06790E-05 0.0370  6.23939E-05 0.0416  2.16670E-05 0.0724
  1.03254E-05 0.1057  2.15624E-01 0.0007
tfc   20       1       1       1       1       1       1      50       1
         512000  2.15639E-01  3.29123E-03  7.12813E+02
        1024000  2.15500E-01  2.33005E-03  7.11556E+02
        1536000  2.15252E-01  1.90584E-03  7.09715E+02
        2048000  2.15155E-01  1.65031E-03  7.09402E+02
        2560000  2.15263E-01  1.47621E-03  7.09485E+02
        3072000  2.15305E-01  1.34768E-03  7.09543E+02
        3584000  2.15507E-01  1.24735E-03  7.09952E+02
        4096000  2.15345E-01  1.16705E-03  7.10021E+02
        4608000  2.15232E-01  1.10071E-03  7.09794E+02
        5120000  2.15293E-01  1.04414E-03  7.10035E+02
        5632000  2.15344E-01  9.95293E-04  7.10550E+02
        6144000  2.15500E-01  9.52574E-04  7.11401E+02
        6656000  2.15504E-01  9.15241E-04  7.11595E+02
        7168000  2.15502E-01  8.81912E-04  7.11844E+02
        7680000  2.15599E-01  8.51813E-04  7.12319E+02
        8192000  2.15604E-01  8.24693E-04  7.12651E+02
        8704000  2.15651E-01  8.00045E-04  7.12779E+02
        9216000  2.15595E-01  7.77610E-04  7.12724E+02
        9728000  2.15634E-01  7.56721E-04  7.13125E+02
       10000000  2.15624E-01  7.46393E-04  7.13128E+02
