mcnp       6     01/18/18 13:04:46     4       100000000      3663102749
   Leakage from Ti (40cm dia) sphere 3-d surface tally                          
ntal     2
   21   41
tally   21                   -1    0    0
 1 0 0 0 0 0 0 0 0 0 0 0 0 0 0 0 0 0 0 0 0 0 0 0 0 0 0 0 0 0 0 0 0 0 0 0 0
f        1
      6
d        1
u        0
s        0
m        0
c        0
et     138
  7.95200E-02  8.27600E-02  8.61400E-02  8.96500E-02  9.33100E-02  9.71200E-02
  1.01090E-01  1.05210E-01  1.09500E-01  1.13970E-01  1.18620E-01  1.23470E-01
  1.28500E-01  1.33750E-01  1.39210E-01  1.44890E-01  1.50800E-01  1.56960E-01
  1.63360E-01  1.70030E-01  1.76970E-01  1.84190E-01  1.91710E-01  1.99530E-01
  2.07670E-01  2.16150E-01  2.24970E-01  2.34150E-01  2.43710E-01  2.53650E-01
  2.64000E-01  2.74780E-01  2.85990E-01  2.97660E-01  3.09810E-01  3.22450E-01
  3.35610E-01  3.49310E-01  3.63570E-01  3.78400E-01  3.93850E-01  4.09920E-01
  4.26650E-01  4.44060E-01  4.62180E-01  4.81050E-01  5.00680E-01  5.21110E-01
  5.42380E-01  5.64510E-01  5.87550E-01  6.11530E-01  6.36480E-01  6.62460E-01
  6.89500E-01  7.17630E-01  7.46920E-01  7.77400E-01  8.09130E-01  8.42150E-01
  8.76520E-01  9.12290E-01  9.49520E-01  9.88270E-01  1.02860E+00  1.07060E+00
  1.11430E+00  1.15980E+00  1.20710E+00  1.25630E+00  1.30760E+00  1.36100E+00
  1.41650E+00  1.47430E+00  1.53450E+00  1.59710E+00  1.66230E+00  1.73010E+00
  1.80080E+00  1.87420E+00  1.95070E+00  2.03030E+00  2.11320E+00  2.19940E+00
  2.28920E+00  2.38260E+00  2.47990E+00  2.58110E+00  2.68640E+00  2.79600E+00
  2.91010E+00  3.02890E+00  3.15250E+00  3.28120E+00  3.41510E+00  3.55450E+00
  3.69950E+00  3.85050E+00  4.00760E+00  4.17120E+00  4.34140E+00  4.51860E+00
  5.30260E+00  5.51900E+00  5.74430E+00  5.97870E+00  6.22270E+00  6.47660E+00
  6.74100E+00  7.01610E+00  7.30240E+00  7.60040E+00  7.91060E+00  8.23340E+00
  8.56940E+00  8.91920E+00  9.28320E+00  9.66200E+00  1.00560E+01  1.04670E+01
  1.08940E+01  1.13390E+01  1.18010E+01  1.22830E+01  1.27840E+01  1.33060E+01
  1.38490E+01  1.44140E+01  1.50020E+01  1.56150E+01  1.62520E+01  1.69150E+01
  1.76050E+01  1.83240E+01  1.90720E+01  1.98500E+01  2.06600E+01
t        0
vals
  6.34301E-03 0.0012  5.02297E-04 0.0044  2.56324E-04 0.0061  3.51919E-04 0.0052
  3.80883E-04 0.0050  3.94541E-04 0.0049  3.22120E-04 0.0054  3.92965E-04 0.0049
  4.06940E-04 0.0048  4.71900E-04 0.0045  5.85573E-04 0.0040  4.27250E-04 0.0047
  6.31391E-04 0.0039  5.81354E-04 0.0041  6.96152E-04 0.0037  5.21058E-04 0.0043
  6.64546E-04 0.0038  6.98891E-04 0.0037  7.79901E-04 0.0035  9.22398E-04 0.0032
  9.42656E-04 0.0032  1.23338E-03 0.0028  6.95029E-04 0.0037  5.08508E-04 0.0043
  8.14778E-04 0.0034  9.92127E-04 0.0031  1.08405E-03 0.0030  1.24617E-03 0.0028
  1.78354E-03 0.0023  1.02142E-03 0.0031  1.39181E-03 0.0026  1.12738E-03 0.0029
  1.06708E-03 0.0030  1.48750E-03 0.0025  1.88914E-03 0.0023  1.35710E-03 0.0027
  1.84153E-03 0.0023  1.41862E-03 0.0026  1.45329E-03 0.0026  2.12491E-03 0.0021
  2.22849E-03 0.0021  2.13573E-03 0.0021  2.07649E-03 0.0021  2.76578E-03 0.0019
  2.41889E-03 0.0020  2.07617E-03 0.0021  2.33992E-03 0.0020  2.62614E-03 0.0019
  2.63086E-03 0.0019  3.08224E-03 0.0018  3.24057E-03 0.0017  3.60284E-03 0.0016
  3.54614E-03 0.0016  4.32256E-03 0.0015  3.91340E-03 0.0016  3.64083E-03 0.0016
  3.31437E-03 0.0017  3.47814E-03 0.0017  4.03821E-03 0.0015  4.80023E-03 0.0014
  4.63357E-03 0.0014  4.67920E-03 0.0014  4.96059E-03 0.0014  4.52641E-03 0.0015
  4.86351E-03 0.0014  4.31247E-03 0.0015  4.70065E-03 0.0014  5.54413E-03 0.0013
  5.10291E-03 0.0014  4.75060E-03 0.0014  5.46998E-03 0.0013  5.34244E-03 0.0013
  4.94489E-03 0.0014  4.85374E-03 0.0014  5.13704E-03 0.0014  5.00747E-03 0.0014
  5.08422E-03 0.0014  5.05050E-03 0.0014  5.13537E-03 0.0014  5.20461E-03 0.0014
  4.79126E-03 0.0014  4.92180E-03 0.0014  4.80581E-03 0.0014  4.80622E-03 0.0014
  4.91982E-03 0.0014  4.86323E-03 0.0014  4.75737E-03 0.0014  4.86710E-03 0.0014
  4.45262E-03 0.0015  4.76403E-03 0.0014  4.77680E-03 0.0014  4.64246E-03 0.0014
  3.81894E-03 0.0016  3.69215E-03 0.0016  3.66907E-03 0.0016  3.62699E-03 0.0016
  3.52282E-03 0.0016  3.40236E-03 0.0017  3.46052E-03 0.0017  3.37133E-03 0.0017
  3.29073E-03 0.0017  3.25732E-03 0.0017  1.20823E-02 0.0009  2.86300E-03 0.0018
  2.73886E-03 0.0019  2.71590E-03 0.0019  2.60521E-03 0.0019  2.52490E-03 0.0019
  2.47872E-03 0.0020  2.36321E-03 0.0020  2.31711E-03 0.0020  2.24792E-03 0.0021
  2.18835E-03 0.0021  2.11397E-03 0.0021  2.01862E-03 0.0022  1.90857E-03 0.0022
  1.86650E-03 0.0023  1.85585E-03 0.0023  1.85803E-03 0.0023  2.03090E-03 0.0022
  2.04034E-03 0.0022  2.44223E-03 0.0020  2.91572E-03 0.0018  3.62623E-03 0.0016
  1.23495E-02 0.0009  1.48375E-02 0.0008  9.11584E-02 0.0003  1.65468E-01 0.0002
  1.69755E-01 0.0002  9.53868E-02 0.0003  9.75938E-02 0.0003  4.83026E-02 0.0004
  2.37941E-04 0.0064  2.42797E-04 0.0064  1.14556E-04 0.0093  1.14604E-04 0.0093
  5.70316E-05 0.0132  1.05330E+00 0.0000
tfc   13       1       1       1       1       1       1     138       1
        8192000  1.05326E+00  0.00000E+00  1.00000E+30
       16384000  1.05332E+00  0.00000E+00  1.00000E+30
       24576000  1.05332E+00  0.00000E+00  1.00000E+30
       32768000  1.05331E+00  0.00000E+00  1.00000E+30
       40960000  1.05329E+00  0.00000E+00  1.00000E+30
       49152000  1.05330E+00  0.00000E+00  1.00000E+30
       57344000  1.05329E+00  0.00000E+00  1.00000E+30
       65536000  1.05329E+00  0.00000E+00  1.00000E+30
       73728000  1.05329E+00  0.00000E+00  1.00000E+30
       81920000  1.05329E+00  0.00000E+00  1.00000E+30
       90112000  1.05328E+00  0.00000E+00  1.00000E+30
       98304000  1.05329E+00  0.00000E+00  1.00000E+30
      100000000  1.05330E+00  0.00000E+00  1.00000E+30
tally   41                   -1    0    0
 0 1 0 0 0 0 0 0 0 0 0 0 0 0 0 0 0 0 0 0 0 0 0 0 0 0 0 0 0 0 0 0 0 0 0 0 0
f        1
      6
d        1
u        0
s        0
m        0
c        0
et      51
  5.00000E-01  6.00000E-01  7.00000E-01  8.00000E-01  9.00000E-01  1.00000E+00
  1.10000E+00  1.20000E+00  1.30000E+00  1.40000E+00  1.50000E+00  1.60000E+00
  1.70000E+00  1.80000E+00  1.90000E+00  2.00000E+00  2.10000E+00  2.20000E+00
  2.30000E+00  2.40000E+00  2.50000E+00  2.60000E+00  2.70000E+00  2.80000E+00
  2.90000E+00  3.00000E+00  3.10000E+00  3.20000E+00  3.30000E+00  3.40000E+00
  3.50000E+00  3.60000E+00  3.70000E+00  3.80000E+00  3.90000E+00  4.00000E+00
  4.20000E+00  4.40000E+00  4.60000E+00  4.80000E+00  5.00000E+00  5.20000E+00
  5.40000E+00  5.60000E+00  5.80000E+00  6.00000E+00  7.00000E+00  8.00000E+00
  9.00000E+00  1.00000E+01
t        0
vals
  1.45386E-01 0.0003  2.79104E-02 0.0007  1.67557E-02 0.0009  1.68032E-02 0.0009
  2.32342E-02 0.0008  6.04334E-02 0.0005  1.45596E-02 0.0010  1.08072E-02 0.0011
  9.66871E-03 0.0012  2.22977E-02 0.0008  1.11263E-02 0.0011  8.80742E-03 0.0012
  5.92687E-03 0.0015  6.19089E-03 0.0015  4.89061E-03 0.0017  4.04256E-03 0.0018
  5.44388E-03 0.0016  4.09163E-03 0.0018  5.72815E-03 0.0015  9.67634E-03 0.0012
  5.66361E-03 0.0015  3.81256E-03 0.0019  4.42904E-03 0.0017  5.17917E-03 0.0016
  3.99174E-03 0.0019  3.85230E-03 0.0019  4.36147E-03 0.0018  2.86138E-03 0.0022
  3.35351E-03 0.0020  2.89910E-03 0.0022  2.71280E-03 0.0023  2.70045E-03 0.0023
  2.95071E-03 0.0022  2.82306E-03 0.0022  2.39524E-03 0.0024  2.22816E-03 0.0025
  4.34884E-03 0.0018  4.17012E-03 0.0018  3.65952E-03 0.0019  3.32809E-03 0.0020
  3.04622E-03 0.0021  2.78807E-03 0.0022  2.52713E-03 0.0023  2.29829E-03 0.0025
  2.08434E-03 0.0026  1.87743E-03 0.0027  7.01516E-03 0.0014  3.94100E-03 0.0019
  1.92841E-03 0.0027  9.19486E-04 0.0039  5.13927E-01 0.0002
tfc   13       1       1       1       1       1       1      51       1
        8192000  5.13807E-01  6.17202E-04  8.22782E+03
       16384000  5.14009E-01  4.36291E-04  8.23729E+03
       24576000  5.14044E-01  3.56174E-04  8.24736E+03
       32768000  5.13985E-01  3.08458E-04  8.25470E+03
       40960000  5.13960E-01  2.75909E-04  8.26275E+03
       49152000  5.13892E-01  2.51893E-04  8.26442E+03
       57344000  5.13983E-01  2.33174E-04  8.27000E+03
       65536000  5.14017E-01  2.18110E-04  8.27249E+03
       73728000  5.14017E-01  2.05628E-04  8.27611E+03
       81920000  5.13998E-01  1.95071E-04  8.28210E+03
       90112000  5.13963E-01  1.85996E-04  8.28479E+03
       98304000  5.13914E-01  1.78082E-04  8.28780E+03
      100000000  5.13927E-01  1.76566E-04  8.28830E+03
