mcnp       6     01/18/18 13:12:55     2        30000000      2381746125
   Leakage from W (40cm dia) sphere 3-d surface tally                           
ntal     2
   21   41
tally   21                   -1    0    0
 1 0 0 0 0 0 0 0 0 0 0 0 0 0 0 0 0 0 0 0 0 0 0 0 0 0 0 0 0 0 0 0 0 0 0 0 0
f        1
      6
d        1
u        0
s        0
m        0
c        0
et     138
  8.96500E-02  9.33100E-02  9.71200E-02  1.01090E-01  1.05210E-01  1.09500E-01
  1.13970E-01  1.18620E-01  1.23470E-01  1.28500E-01  1.33750E-01  1.39210E-01
  1.44890E-01  1.50800E-01  1.56960E-01  1.63360E-01  1.70030E-01  1.76970E-01
  1.84190E-01  1.91710E-01  1.99530E-01  2.07670E-01  2.16150E-01  2.24970E-01
  2.34150E-01  2.43710E-01  2.53650E-01  2.64000E-01  2.74780E-01  2.85990E-01
  2.97660E-01  3.09810E-01  3.22450E-01  3.35610E-01  3.49310E-01  3.63570E-01
  3.78400E-01  3.93850E-01  4.09920E-01  4.26650E-01  4.44060E-01  4.62180E-01
  4.81050E-01  5.00680E-01  5.21110E-01  5.42380E-01  5.64510E-01  5.87550E-01
  6.11530E-01  6.36480E-01  6.62460E-01  6.89500E-01  7.17630E-01  7.46920E-01
  7.77400E-01  8.09130E-01  8.42150E-01  8.76520E-01  9.12290E-01  9.49520E-01
  9.88270E-01  1.02860E+00  1.07060E+00  1.11430E+00  1.15980E+00  1.20710E+00
  1.25630E+00  1.30760E+00  1.36100E+00  1.41650E+00  1.47430E+00  1.53450E+00
  1.59710E+00  1.66230E+00  1.73010E+00  1.80080E+00  1.87420E+00  1.95070E+00
  2.03030E+00  2.11320E+00  2.19940E+00  2.28920E+00  2.38260E+00  2.47990E+00
  2.58110E+00  2.68640E+00  2.79600E+00  2.91010E+00  3.02890E+00  3.15250E+00
  3.28120E+00  3.41510E+00  3.55450E+00  3.69950E+00  3.85050E+00  4.00760E+00
  4.17120E+00  4.34140E+00  4.51860E+00  4.70300E+00  4.89490E+00  5.09470E+00
  5.30260E+00  5.51900E+00  5.74430E+00  5.97870E+00  6.22270E+00  6.47660E+00
  6.74100E+00  7.01610E+00  7.30240E+00  7.60040E+00  7.91060E+00  8.23340E+00
  8.56940E+00  8.91920E+00  9.28320E+00  9.66200E+00  1.00560E+01  1.04670E+01
  1.08940E+01  1.13390E+01  1.18010E+01  1.22830E+01  1.27840E+01  1.33060E+01
  1.38490E+01  1.44140E+01  1.50020E+01  1.56150E+01  1.62520E+01  1.69150E+01
  1.76050E+01  1.83240E+01  1.90720E+01  1.98500E+01  2.06600E+01
t        0
vals
  2.18070E-02 0.0012  1.44961E-03 0.0047  1.45614E-03 0.0046  1.46534E-03 0.0046
  1.56053E-03 0.0045  1.67666E-03 0.0043  1.77889E-03 0.0042  1.92507E-03 0.0041
  2.06920E-03 0.0039  2.25724E-03 0.0038  2.39773E-03 0.0036  2.84588E-03 0.0034
  2.17438E-03 0.0038  2.50807E-03 0.0036  2.81298E-03 0.0034  2.94323E-03 0.0033
  3.14186E-03 0.0032  3.23758E-03 0.0032  3.76285E-03 0.0029  3.45105E-03 0.0031
  3.47564E-03 0.0031  3.72243E-03 0.0029  3.86908E-03 0.0029  3.94274E-03 0.0029
  4.13884E-03 0.0028  4.23050E-03 0.0028  4.29190E-03 0.0028  4.65398E-03 0.0026
  5.04496E-03 0.0025  4.63105E-03 0.0027  5.07579E-03 0.0025  5.52873E-03 0.0024
  5.52657E-03 0.0024  5.37539E-03 0.0025  5.92370E-03 0.0023  6.22263E-03 0.0023
  6.36250E-03 0.0023  6.38084E-03 0.0023  6.55577E-03 0.0022  6.56036E-03 0.0022
  6.88031E-03 0.0022  7.13257E-03 0.0021  7.39591E-03 0.0021  7.65711E-03 0.0021
  7.70491E-03 0.0021  7.97294E-03 0.0020  8.16599E-03 0.0020  8.31061E-03 0.0020
  8.63438E-03 0.0019  8.52247E-03 0.0020  8.73142E-03 0.0019  8.69083E-03 0.0019
  9.02104E-03 0.0019  8.94184E-03 0.0019  8.81722E-03 0.0019  8.65762E-03 0.0019
  8.83296E-03 0.0019  8.64595E-03 0.0019  8.70900E-03 0.0019  8.67242E-03 0.0019
  8.47370E-03 0.0020  8.32836E-03 0.0020  8.08769E-03 0.0020  8.09010E-03 0.0020
  7.82187E-03 0.0021  7.73432E-03 0.0021  7.40568E-03 0.0021  7.16616E-03 0.0021
  7.05470E-03 0.0022  6.85061E-03 0.0022  6.56768E-03 0.0022  6.45756E-03 0.0023
  6.21128E-03 0.0023  6.06213E-03 0.0023  5.87805E-03 0.0024  5.72142E-03 0.0024
  5.58742E-03 0.0024  5.38122E-03 0.0025  5.29374E-03 0.0025  5.13635E-03 0.0025
  4.97257E-03 0.0026  4.78743E-03 0.0026  4.60508E-03 0.0027  4.45094E-03 0.0027
  4.36360E-03 0.0027  4.24914E-03 0.0028  4.02035E-03 0.0029  3.78720E-03 0.0029
  3.67861E-03 0.0030  3.31792E-03 0.0031  3.18584E-03 0.0032  3.03813E-03 0.0033
  2.87983E-03 0.0034  2.76917E-03 0.0034  2.57577E-03 0.0036  2.47810E-03 0.0036
  2.32502E-03 0.0038  2.22404E-03 0.0038  2.15391E-03 0.0039  1.99433E-03 0.0041
  1.95194E-03 0.0041  1.84433E-03 0.0042  1.75060E-03 0.0043  1.71620E-03 0.0044
  1.65267E-03 0.0045  1.63689E-03 0.0045  1.58717E-03 0.0045  1.54659E-03 0.0046
  1.56369E-03 0.0046  1.48835E-03 0.0047  1.50940E-03 0.0047  1.51047E-03 0.0047
  1.50504E-03 0.0047  1.52108E-03 0.0046  1.59589E-03 0.0045  1.63712E-03 0.0045
  1.72450E-03 0.0044  1.80938E-03 0.0043  1.85153E-03 0.0042  2.01401E-03 0.0040
  2.00939E-03 0.0040  2.26680E-03 0.0038  2.46681E-03 0.0037  2.53491E-03 0.0036
  4.63431E-03 0.0027  5.17644E-03 0.0025  9.34609E-02 0.0006  1.79474E-01 0.0004
  1.84611E-01 0.0004  6.75517E-02 0.0007  7.02984E-02 0.0007  3.48691E-02 0.0010
  9.26031E-05 0.0189  8.97020E-05 0.0192  2.18904E-05 0.0390  2.14606E-05 0.0393
  1.17238E-05 0.0533  1.22051E+00 0.0001
tfc   15       1       1       1       1       1       1     138       1
        2048000  1.22012E+00  2.44863E-04  1.98987E+05
        4096000  1.22030E+00  1.73241E-04  2.00207E+05
        6144000  1.22028E+00  1.41436E-04  2.00761E+05
        8192000  1.22021E+00  1.22476E-04  2.00936E+05
       10240000  1.22026E+00  1.09546E-04  2.00956E+05
       12288000  1.22036E+00  1.00008E-04  2.01073E+05
       14336000  1.22037E+00  0.00000E+00  1.00000E+30
       16384000  1.22040E+00  0.00000E+00  1.00000E+30
       18432000  1.22040E+00  0.00000E+00  1.00000E+30
       20480000  1.22040E+00  0.00000E+00  1.00000E+30
       22528000  1.22045E+00  0.00000E+00  1.00000E+30
       24576000  1.22048E+00  0.00000E+00  1.00000E+30
       26624000  1.22050E+00  0.00000E+00  1.00000E+30
       28672000  1.22052E+00  0.00000E+00  1.00000E+30
       30000000  1.22051E+00  0.00000E+00  1.00000E+30
tally   41                   -1    0    0
 0 1 0 0 0 0 0 0 0 0 0 0 0 0 0 0 0 0 0 0 0 0 0 0 0 0 0 0 0 0 0 0 0 0 0 0 0
f        1
      6
d        1
u        0
s        0
m        0
c        0
et      60
  3.00000E-01  4.00000E-01  5.00000E-01  6.00000E-01  7.00000E-01  8.00000E-01
  9.00000E-01  1.00000E+00  1.10000E+00  1.20000E+00  1.30000E+00  1.40000E+00
  1.50000E+00  1.60000E+00  1.70000E+00  1.80000E+00  1.90000E+00  2.00000E+00
  2.10000E+00  2.20000E+00  2.30000E+00  2.40000E+00  2.50000E+00  2.60000E+00
  2.70000E+00  2.80000E+00  2.90000E+00  3.00000E+00  3.10000E+00  3.20000E+00
  3.30000E+00  3.40000E+00  3.50000E+00  3.60000E+00  3.70000E+00  3.80000E+00
  3.90000E+00  4.00000E+00  4.10000E+00  4.20000E+00  4.30000E+00  4.40000E+00
  4.50000E+00  4.60000E+00  4.70000E+00  4.80000E+00  4.90000E+00  5.00000E+00
  5.50000E+00  6.00000E+00  6.50000E+00  7.00000E+00  7.50000E+00  8.00000E+00
  8.50000E+00  9.00000E+00  9.50000E+00  1.00000E+01  1.05000E+01
t        0
vals
  1.08958E-02 0.0021  9.75945E-03 0.0022  1.17287E-02 0.0020  1.71633E-02 0.0017
  1.16220E-02 0.0020  1.20463E-02 0.0020  1.35060E-02 0.0019  1.14625E-02 0.0020
  1.08371E-02 0.0021  1.04178E-02 0.0022  9.59748E-03 0.0022  8.52747E-03 0.0024
  8.64173E-03 0.0023  6.70663E-03 0.0027  6.14831E-03 0.0028  5.72593E-03 0.0029
  5.32389E-03 0.0030  4.75507E-03 0.0032  4.35630E-03 0.0034  3.95273E-03 0.0035
  3.63447E-03 0.0037  3.29853E-03 0.0038  3.01971E-03 0.0041  2.80019E-03 0.0042
  2.50150E-03 0.0044  2.30316E-03 0.0046  2.08179E-03 0.0048  1.94680E-03 0.0050
  1.77073E-03 0.0052  1.60001E-03 0.0055  1.49390E-03 0.0057  1.33327E-03 0.0060
  1.24971E-03 0.0062  1.13694E-03 0.0065  1.08018E-03 0.0066  9.48193E-04 0.0071
  8.52875E-04 0.0075  7.94690E-04 0.0078  7.07408E-04 0.0082  6.54920E-04 0.0086
  5.98973E-04 0.0089  5.42463E-04 0.0094  5.03372E-04 0.0097  4.61505E-04 0.0101
  4.30546E-04 0.0104  3.86069E-04 0.0110  3.58666E-04 0.0114  3.25578E-04 0.0120
  1.26845E-03 0.0060  8.12996E-04 0.0075  5.14076E-04 0.0093  3.35821E-04 0.0115
  2.28381E-04 0.0138  1.58284E-04 0.0166  1.12624E-04 0.0196  7.60818E-05 0.0239
  5.37529E-05 0.0285  3.46281E-05 0.0355  2.26650E-05 0.0440  2.25608E-01 0.0005
tfc   15       1       1       1       1       1       1      60       1
        2048000  2.24840E-01  1.83477E-03  3.54410E+03
        4096000  2.25087E-01  1.29790E-03  3.56698E+03
        6144000  2.25253E-01  1.05921E-03  3.57963E+03
        8192000  2.25267E-01  9.17114E-04  3.58357E+03
       10240000  2.25295E-01  8.20676E-04  3.58059E+03
       12288000  2.25329E-01  7.49071E-04  3.58404E+03
       14336000  2.25417E-01  6.93369E-04  3.58762E+03
       16384000  2.25514E-01  6.48651E-04  3.58801E+03
       18432000  2.25594E-01  6.11614E-04  3.58799E+03
       20480000  2.25623E-01  5.80204E-04  3.58946E+03
       22528000  2.25631E-01  5.53202E-04  3.59000E+03
       24576000  2.25618E-01  5.29656E-04  3.59022E+03
       26624000  2.25593E-01  5.08868E-04  3.59133E+03
       28672000  2.25627E-01  4.90299E-04  3.59295E+03
       30000000  2.25608E-01  4.79416E-04  3.59213E+03
