mcnp       6     01/18/18 12:46:51     5       100000000      5579813341
   Leakage from Mo (61cm dia) sphere 3-d surface tally                          
ntal     1
   21
tally   21                   -1    0    0
 1 0 0 0 0 0 0 0 0 0 0 0 0 0 0 0 0 0 0 0 0 0 0 0 0 0 0 0 0 0 0 0 0 0 0 0 0
f        1
      6
d        1
u        0
s        0
m        0
c        0
et     140
  8.27600E-02  8.61400E-02  8.96500E-02  9.33100E-02  9.71200E-02  1.01090E-01
  1.05210E-01  1.09500E-01  1.13970E-01  1.18620E-01  1.23470E-01  1.28500E-01
  1.33750E-01  1.39210E-01  1.44890E-01  1.50800E-01  1.56960E-01  1.63360E-01
  1.70030E-01  1.76970E-01  1.84190E-01  1.91710E-01  1.99530E-01  2.07670E-01
  2.16150E-01  2.24970E-01  2.34150E-01  2.43710E-01  2.53650E-01  2.64000E-01
  2.74780E-01  2.85990E-01  2.97660E-01  3.09810E-01  3.22450E-01  3.35610E-01
  3.49310E-01  3.63570E-01  3.78400E-01  3.93850E-01  4.09920E-01  4.26650E-01
  4.44060E-01  4.62180E-01  4.81050E-01  5.00680E-01  5.21110E-01  5.42380E-01
  5.64510E-01  5.87550E-01  6.11530E-01  6.36480E-01  6.62460E-01  6.89500E-01
  7.17630E-01  7.46920E-01  7.77400E-01  8.09130E-01  8.42150E-01  8.76520E-01
  9.12290E-01  9.49520E-01  9.88270E-01  1.02860E+00  1.07060E+00  1.11430E+00
  1.15980E+00  1.20710E+00  1.25630E+00  1.30760E+00  1.36100E+00  1.41650E+00
  1.47430E+00  1.53450E+00  1.59710E+00  1.66230E+00  1.73010E+00  1.80080E+00
  1.87420E+00  1.95070E+00  2.03030E+00  2.11320E+00  2.19940E+00  2.28920E+00
  2.38260E+00  2.47990E+00  2.58110E+00  2.68640E+00  2.79600E+00  2.91010E+00
  3.02890E+00  3.15250E+00  3.28120E+00  3.41510E+00  3.55450E+00  3.69950E+00
  3.85050E+00  4.00760E+00  4.17120E+00  4.34140E+00  4.51860E+00  4.70300E+00
  4.89490E+00  5.09470E+00  5.30260E+00  5.51900E+00  5.74430E+00  5.97870E+00
  6.22270E+00  6.47660E+00  6.74100E+00  7.01610E+00  7.30240E+00  7.60040E+00
  7.91060E+00  8.23340E+00  8.56940E+00  8.91920E+00  9.28320E+00  9.66200E+00
  1.00560E+01  1.04670E+01  1.08940E+01  1.13390E+01  1.18010E+01  1.22830E+01
  1.27840E+01  1.33060E+01  1.38490E+01  1.44140E+01  1.50020E+01  1.56150E+01
  1.62520E+01  1.69150E+01  1.76050E+01  1.83240E+01  1.90720E+01  1.98500E+01
  2.06600E+01
t        0
vals
  1.63060E-02 0.0007  8.92765E-04 0.0032  1.24526E-03 0.0027  1.42770E-03 0.0025
  1.36016E-03 0.0026  1.29271E-03 0.0027  1.52865E-03 0.0025  1.67983E-03 0.0023
  1.82980E-03 0.0022  2.06222E-03 0.0021  2.25823E-03 0.0020  2.55975E-03 0.0019
  2.60037E-03 0.0019  3.39298E-03 0.0017  2.02728E-03 0.0021  2.58006E-03 0.0019
  3.14524E-03 0.0017  3.26595E-03 0.0017  3.64846E-03 0.0016  3.64378E-03 0.0016
  4.47070E-03 0.0014  3.80353E-03 0.0016  3.82696E-03 0.0016  4.32918E-03 0.0015
  4.58743E-03 0.0014  4.74399E-03 0.0014  5.05097E-03 0.0014  5.18460E-03 0.0014
  5.22145E-03 0.0013  5.78905E-03 0.0013  6.45111E-03 0.0012  5.58424E-03 0.0013
  6.48879E-03 0.0012  7.27410E-03 0.0011  7.15996E-03 0.0012  6.74248E-03 0.0012
  7.80612E-03 0.0011  8.34332E-03 0.0011  8.39358E-03 0.0011  8.17648E-03 0.0011
  8.37932E-03 0.0011  8.34271E-03 0.0011  9.03759E-03 0.0010  9.29982E-03 0.0010
  9.67279E-03 0.0010  9.98072E-03 0.0010  9.90243E-03 0.0010  1.03487E-02 0.0010
  1.05796E-02 0.0010  1.07573E-02 0.0009  1.14750E-02 0.0009  1.11164E-02 0.0009
  1.15960E-02 0.0009  1.13556E-02 0.0009  1.18983E-02 0.0009  1.12520E-02 0.0009
  1.08571E-02 0.0009  1.05131E-02 0.0010  1.06634E-02 0.0010  1.02269E-02 0.0010
  1.01500E-02 0.0010  1.01784E-02 0.0010  9.95395E-03 0.0010  9.94434E-03 0.0010
  9.67897E-03 0.0010  9.96481E-03 0.0010  9.74491E-03 0.0010  9.96841E-03 0.0010
  9.56101E-03 0.0010  9.28549E-03 0.0010  9.33073E-03 0.0010  9.30284E-03 0.0010
  8.78251E-03 0.0011  8.78776E-03 0.0011  8.51171E-03 0.0011  8.45930E-03 0.0011
  8.27928E-03 0.0011  8.08972E-03 0.0011  7.81598E-03 0.0011  7.36807E-03 0.0011
  7.14362E-03 0.0012  6.94354E-03 0.0012  6.79263E-03 0.0012  6.54908E-03 0.0012
  6.24097E-03 0.0012  5.90324E-03 0.0013  5.63602E-03 0.0013  5.53554E-03 0.0013
  5.27815E-03 0.0014  5.03890E-03 0.0014  4.81099E-03 0.0014  4.46998E-03 0.0015
  4.32820E-03 0.0015  4.15336E-03 0.0015  3.98414E-03 0.0016  3.82888E-03 0.0016
  3.61707E-03 0.0016  3.45724E-03 0.0017  3.26690E-03 0.0017  3.13137E-03 0.0018
  3.02388E-03 0.0018  2.85339E-03 0.0018  2.77339E-03 0.0019  2.64551E-03 0.0019
  2.53423E-03 0.0020  2.46336E-03 0.0020  2.39077E-03 0.0020  2.33914E-03 0.0020
  2.27108E-03 0.0021  2.20850E-03 0.0021  2.17166E-03 0.0021  2.08749E-03 0.0022
  2.05501E-03 0.0022  2.01981E-03 0.0022  1.96157E-03 0.0022  1.95956E-03 0.0022
  1.94836E-03 0.0022  1.95500E-03 0.0022  1.99263E-03 0.0022  2.01149E-03 0.0022
  2.01536E-03 0.0022  2.15333E-03 0.0021  2.29624E-03 0.0021  2.79731E-03 0.0019
  3.41665E-03 0.0017  3.52277E-03 0.0017  5.25580E-03 0.0014  6.53123E-03 0.0012
  7.53507E-02 0.0003  1.40114E-01 0.0002  1.42412E-01 0.0002  5.27363E-02 0.0004
  5.41805E-02 0.0004  2.65423E-02 0.0006  6.94790E-05 0.0119  6.93569E-05 0.0119
  1.74018E-05 0.0238  1.77242E-05 0.0236  9.16818E-06 0.0329  1.23387E+00 0.0000
tfc   13       1       1       1       1       1       1     140       1
        8192000  1.23358E+00  1.19695E-04  2.11363E+05
       16384000  1.23374E+00  0.00000E+00  1.00000E+30
       24576000  1.23388E+00  0.00000E+00  1.00000E+30
       32768000  1.23390E+00  0.00000E+00  1.00000E+30
       40960000  1.23388E+00  0.00000E+00  1.00000E+30
       49152000  1.23386E+00  0.00000E+00  1.00000E+30
       57344000  1.23386E+00  0.00000E+00  1.00000E+30
       65536000  1.23386E+00  0.00000E+00  1.00000E+30
       73728000  1.23386E+00  0.00000E+00  1.00000E+30
       81920000  1.23386E+00  0.00000E+00  1.00000E+30
       90112000  1.23387E+00  0.00000E+00  1.00000E+30
       98304000  1.23387E+00  0.00000E+00  1.00000E+30
      100000000  1.23387E+00  0.00000E+00  1.00000E+30
