mcnp       6     01/18/18 12:07:26     5       100000000      9557303412
   Leakage from Cr (40cm dia) sphere 3-d surface tally                          
ntal     2
   21   41
tally   21                   -1    0    0
 1 0 0 0 0 0 0 0 0 0 0 0 0 0 0 0 0 0 0 0 0 0 0 0 0 0 0 0 0 0 0 0 0 0 0 0 0
f        1
      6
d        1
u        0
s        0
m        0
c        0
et     178
  1.03120E-01  1.06260E-01  1.09500E-01  1.12830E-01  1.16270E-01  1.19810E-01
  1.23460E-01  1.27220E-01  1.31090E-01  1.35090E-01  1.39200E-01  1.43440E-01
  1.47810E-01  1.52310E-01  1.56950E-01  1.61730E-01  1.66650E-01  1.71730E-01
  1.76960E-01  1.82350E-01  1.87900E-01  1.93620E-01  1.99520E-01  2.05600E-01
  2.11860E-01  2.18310E-01  2.24960E-01  2.31810E-01  2.38870E-01  2.46140E-01
  2.53640E-01  2.61370E-01  2.69320E-01  2.77530E-01  2.85980E-01  2.94690E-01
  3.03660E-01  3.12910E-01  3.22440E-01  3.32260E-01  3.42380E-01  3.52810E-01
  3.63550E-01  3.74620E-01  3.86030E-01  3.97790E-01  4.09900E-01  4.22380E-01
  4.35250E-01  4.48500E-01  4.62160E-01  4.76240E-01  4.90740E-01  5.05690E-01
  5.21090E-01  5.36960E-01  5.53310E-01  5.70160E-01  5.87520E-01  6.05420E-01
  6.23850E-01  6.42850E-01  6.62430E-01  6.82600E-01  7.03390E-01  7.24810E-01
  7.46890E-01  7.69630E-01  7.93070E-01  8.17230E-01  8.42110E-01  8.67760E-01
  8.94190E-01  9.21420E-01  9.49480E-01  9.78400E-01  1.00820E+00  1.03890E+00
  1.07050E+00  1.10310E+00  1.13670E+00  1.17140E+00  1.20700E+00  1.24380E+00
  1.28170E+00  1.32070E+00  1.36090E+00  1.40240E+00  1.44510E+00  1.48910E+00
  1.53440E+00  1.58120E+00  1.62930E+00  1.67890E+00  1.73010E+00  1.78280E+00
  1.83710E+00  1.89300E+00  1.95060E+00  2.01010E+00  2.07130E+00  2.13430E+00
  2.19930E+00  2.26630E+00  2.33530E+00  2.40650E+00  2.47980E+00  2.55530E+00
  2.63310E+00  2.71330E+00  2.79590E+00  2.88110E+00  2.96880E+00  3.05920E+00
  3.15240E+00  3.24840E+00  3.34730E+00  3.44930E+00  3.55430E+00  3.66250E+00
  3.77410E+00  3.88900E+00  4.00750E+00  4.12950E+00  4.25530E+00  4.38490E+00
  4.51840E+00  4.65600E+00  4.79780E+00  4.94390E+00  5.09450E+00  5.24960E+00
  5.40950E+00  5.57420E+00  5.74400E+00  5.91890E+00  6.09920E+00  6.28490E+00
  6.47640E+00  6.67360E+00  6.87680E+00  7.08630E+00  7.30210E+00  7.52440E+00
  7.75360E+00  7.98970E+00  8.23310E+00  8.48380E+00  8.74220E+00  9.00840E+00
  9.28270E+00  9.56540E+00  9.85670E+00  1.01570E+01  1.04660E+01  1.07850E+01
  1.11130E+01  1.14520E+01  1.18010E+01  1.21600E+01  1.25300E+01  1.29120E+01
  1.33050E+01  1.37100E+01  1.41280E+01  1.45580E+01  1.50020E+01  1.54580E+01
  1.59290E+01  1.64140E+01  1.69140E+01  1.74290E+01  1.79600E+01  1.85070E+01
  1.90710E+01  1.96520E+01  2.02500E+01
t        0
vals
  1.21397E-02 0.0009  2.36851E-04 0.0063  2.90260E-04 0.0057  5.00537E-04 0.0044
  8.57734E-04 0.0034  1.14520E-03 0.0029  8.70559E-04 0.0033  6.75607E-04 0.0038
  8.58623E-04 0.0033  2.06233E-03 0.0021  1.45432E-03 0.0026  1.35960E-04 0.0083
  2.01569E-04 0.0068  3.07347E-04 0.0055  4.95065E-04 0.0044  4.55403E-04 0.0045
  6.17920E-04 0.0039  6.99659E-04 0.0037  7.19811E-04 0.0036  8.34189E-04 0.0034
  7.89002E-04 0.0035  7.62175E-04 0.0035  8.86370E-04 0.0033  9.88496E-04 0.0031
  1.22649E-03 0.0028  1.37669E-03 0.0026  1.22067E-03 0.0028  1.29519E-03 0.0027
  8.99233E-04 0.0032  1.33038E-03 0.0027  9.44054E-04 0.0032  1.56049E-03 0.0025
  1.97218E-03 0.0022  2.09662E-03 0.0021  1.69588E-03 0.0024  2.14634E-03 0.0021
  2.80592E-03 0.0018  3.02205E-03 0.0018  3.55410E-03 0.0016  1.27540E-03 0.0027
  1.90563E-03 0.0022  3.16697E-03 0.0017  4.23375E-03 0.0015  2.15455E-03 0.0021
  4.68059E-03 0.0014  5.54530E-03 0.0013  2.13153E-03 0.0021  2.48434E-03 0.0019
  2.30636E-03 0.0020  3.17747E-03 0.0017  6.31334E-03 0.0012  2.42527E-03 0.0020
  2.63132E-03 0.0019  3.40407E-03 0.0017  4.44131E-03 0.0015  5.31085E-03 0.0013
  3.54708E-03 0.0016  4.79301E-03 0.0014  5.72120E-03 0.0013  7.98321E-03 0.0011
  4.58348E-03 0.0014  3.64004E-03 0.0016  5.40816E-03 0.0013  6.84533E-03 0.0012
  9.37663E-03 0.0010  6.94743E-03 0.0012  6.84898E-03 0.0012  5.38858E-03 0.0013
  7.67916E-03 0.0011  5.68187E-03 0.0013  7.68914E-03 0.0011  7.06644E-03 0.0012
  6.45650E-03 0.0012  5.56551E-03 0.0013  7.79774E-03 0.0011  6.68829E-03 0.0012
  6.44211E-03 0.0012  8.27779E-03 0.0011  7.26786E-03 0.0011  6.50739E-03 0.0012
  7.23358E-03 0.0011  8.20194E-03 0.0011  9.72390E-03 0.0010  7.49867E-03 0.0011
  6.75080E-03 0.0012  6.94212E-03 0.0012  6.67726E-03 0.0012  9.02677E-03 0.0010
  6.53659E-03 0.0012  4.67564E-03 0.0014  6.09774E-03 0.0012  5.30159E-03 0.0013
  5.39943E-03 0.0013  5.14545E-03 0.0014  5.96388E-03 0.0013  5.01709E-03 0.0014
  5.13397E-03 0.0014  4.91670E-03 0.0014  4.95070E-03 0.0014  5.08979E-03 0.0014
  4.50309E-03 0.0014  4.54332E-03 0.0014  4.30028E-03 0.0015  4.09667E-03 0.0015
  4.18712E-03 0.0015  4.57268E-03 0.0014  3.75111E-03 0.0016  4.05484E-03 0.0015
  3.81116E-03 0.0016  3.49623E-03 0.0016  3.59424E-03 0.0016  3.30256E-03 0.0017
  3.39322E-03 0.0017  3.36548E-03 0.0017  3.21687E-03 0.0017  3.14824E-03 0.0017
  2.93053E-03 0.0018  2.97296E-03 0.0018  2.59788E-03 0.0019  2.75953E-03 0.0018
  2.60473E-03 0.0019  2.58012E-03 0.0019  2.46913E-03 0.0019  2.37111E-03 0.0020
  2.34660E-03 0.0020  2.26860E-03 0.0020  2.18331E-03 0.0021  2.18192E-03 0.0021
  2.13629E-03 0.0021  2.08712E-03 0.0021  2.07256E-03 0.0021  1.99015E-03 0.0022
  1.88620E-03 0.0022  1.84662E-03 0.0023  1.79885E-03 0.0023  1.75528E-03 0.0023
  1.72557E-03 0.0023  1.68310E-03 0.0024  1.64456E-03 0.0024  1.60298E-03 0.0024
  1.58109E-03 0.0024  1.53906E-03 0.0025  1.51796E-03 0.0025  1.49706E-03 0.0025
  1.49149E-03 0.0025  1.49026E-03 0.0025  1.52552E-03 0.0025  1.54703E-03 0.0025
  1.65888E-03 0.0024  1.83190E-03 0.0023  2.14919E-03 0.0021  2.43279E-03 0.0020
  2.48991E-03 0.0019  2.61708E-03 0.0019  2.43562E-03 0.0020  2.60831E-03 0.0019
  2.63969E-03 0.0019  2.71386E-03 0.0019  3.09128E-03 0.0018  3.23503E-03 0.0017
  5.65162E-03 0.0013  6.69623E-03 0.0012  1.71345E-02 0.0007  2.33315E-02 0.0006
  7.56633E-02 0.0003  1.65945E-01 0.0002  1.63923E-01 0.0002  2.46061E-02 0.0006
  2.44806E-02 0.0006  8.01191E-03 0.0011  4.20609E-04 0.0048  3.11403E-04 0.0056
  1.03273E-04 0.0098  1.00093E-04 0.0099  1.44483E-05 0.0261  1.45909E-05 0.0260
  1.10167E-05 0.0300  1.06655E+00 0.0000
tfc   13       1       1       1       1       1       1     178       1
        8192000  1.06640E+00  1.00060E-04  2.71051E+05
       16384000  1.06656E+00  0.00000E+00  1.00000E+30
       24576000  1.06650E+00  0.00000E+00  1.00000E+30
       32768000  1.06654E+00  0.00000E+00  1.00000E+30
       40960000  1.06652E+00  0.00000E+00  1.00000E+30
       49152000  1.06654E+00  0.00000E+00  1.00000E+30
       57344000  1.06653E+00  0.00000E+00  1.00000E+30
       65536000  1.06653E+00  0.00000E+00  1.00000E+30
       73728000  1.06654E+00  0.00000E+00  1.00000E+30
       81920000  1.06653E+00  0.00000E+00  1.00000E+30
       90112000  1.06653E+00  0.00000E+00  1.00000E+30
       98304000  1.06654E+00  0.00000E+00  1.00000E+30
      100000000  1.06655E+00  0.00000E+00  1.00000E+30
tally   41                   -1    0    0
 0 1 0 0 0 0 0 0 0 0 0 0 0 0 0 0 0 0 0 0 0 0 0 0 0 0 0 0 0 0 0 0 0 0 0 0 0
f        1
      6
d        1
u        0
s        0
m        0
c        0
et      60
  3.00000E-01  4.00000E-01  5.00000E-01  6.00000E-01  7.00000E-01  8.00000E-01
  9.00000E-01  1.00000E+00  1.10000E+00  1.20000E+00  1.30000E+00  1.40000E+00
  1.50000E+00  1.60000E+00  1.70000E+00  1.80000E+00  1.90000E+00  2.00000E+00
  2.10000E+00  2.20000E+00  2.30000E+00  2.40000E+00  2.50000E+00  2.60000E+00
  2.70000E+00  2.80000E+00  2.90000E+00  3.00000E+00  3.10000E+00  3.20000E+00
  3.30000E+00  3.40000E+00  3.50000E+00  3.60000E+00  3.70000E+00  3.80000E+00
  3.90000E+00  4.00000E+00  4.10000E+00  4.20000E+00  4.30000E+00  4.40000E+00
  4.50000E+00  4.60000E+00  4.70000E+00  4.80000E+00  4.90000E+00  5.00000E+00
  5.50000E+00  6.00000E+00  6.50000E+00  7.00000E+00  7.50000E+00  8.00000E+00
  8.50000E+00  9.00000E+00  9.50000E+00  1.00000E+01  1.05000E+01
t        0
vals
  9.83439E-02 0.0004  3.94032E-02 0.0006  3.20344E-02 0.0006  3.64310E-02 0.0006
  2.10309E-02 0.0008  2.33965E-02 0.0007  1.92978E-02 0.0008  2.27281E-02 0.0007
  1.35298E-02 0.0010  1.22945E-02 0.0010  1.38174E-02 0.0009  1.77091E-02 0.0008
  4.51121E-02 0.0005  7.74578E-03 0.0013  5.42668E-03 0.0015  6.46193E-03 0.0014
  4.87547E-03 0.0016  4.89075E-03 0.0016  5.10763E-03 0.0016  4.47098E-03 0.0017
  4.33348E-03 0.0017  4.37539E-03 0.0017  4.21916E-03 0.0017  4.21812E-03 0.0017
  4.10706E-03 0.0017  3.96894E-03 0.0018  3.81181E-03 0.0018  3.77543E-03 0.0018
  3.58580E-03 0.0019  3.75242E-03 0.0018  3.54617E-03 0.0019  3.50547E-03 0.0019
  3.46559E-03 0.0019  3.40368E-03 0.0019  3.28363E-03 0.0020  3.13563E-03 0.0020
  2.98451E-03 0.0021  2.87165E-03 0.0021  2.72465E-03 0.0021  2.64669E-03 0.0022
  2.57921E-03 0.0022  2.53451E-03 0.0022  2.44998E-03 0.0023  2.28432E-03 0.0023
  2.19952E-03 0.0024  2.14178E-03 0.0024  2.08253E-03 0.0025  2.03068E-03 0.0025
  8.94777E-03 0.0012  7.10167E-03 0.0013  5.54255E-03 0.0015  4.28848E-03 0.0017
  3.25453E-03 0.0020  2.45164E-03 0.0023  1.90010E-03 0.0026  1.41860E-03 0.0030
  1.00893E-03 0.0036  6.60780E-04 0.0044  4.35721E-04 0.0054  5.61136E-01 0.0002
tfc   13       1       1       1       1       1       1      60       1
        8192000  5.61083E-01  5.43776E-04  9.17759E+03
       16384000  5.61080E-01  3.84610E-04  9.18245E+03
       24576000  5.61296E-01  3.13965E-04  9.18618E+03
       32768000  5.61276E-01  2.71899E-04  9.19313E+03
       40960000  5.61179E-01  2.43221E-04  9.19215E+03
       49152000  5.61132E-01  2.22028E-04  9.19555E+03
       57344000  5.61117E-01  2.05548E-04  9.19577E+03
       65536000  5.61116E-01  1.92271E-04  9.19825E+03
       73728000  5.61132E-01  1.81272E-04  9.19830E+03
       81920000  5.61161E-01  1.71970E-04  9.19930E+03
       90112000  5.61164E-01  1.63971E-04  9.19862E+03
       98304000  5.61150E-01  1.56982E-04  9.20048E+03
      100000000  5.61136E-01  1.55644E-04  9.20093E+03
