mcnp       6     01/18/18 11:48:46     5       100000000      3108622248
   Leakage from Al (40cm dia) sphere 3-d surface tally                          
ntal     2
   21   41
tally   21                   -1    0    0
 1 0 0 0 0 0 0 0 0 0 0 0 0 0 0 0 0 0 0 0 0 0 0 0 0 0 0 0 0 0 0 0 0 0 0 0 0
f        1
      6
d        1
u        0
s        0
m        0
c        0
et     135
  1.01090E-01  1.05210E-01  1.09500E-01  1.13970E-01  1.18620E-01  1.23470E-01
  1.28500E-01  1.33750E-01  1.39210E-01  1.44890E-01  1.50800E-01  1.56960E-01
  1.63360E-01  1.70030E-01  1.76970E-01  1.84190E-01  1.91710E-01  1.99530E-01
  2.07670E-01  2.16150E-01  2.24970E-01  2.34150E-01  2.43710E-01  2.53650E-01
  2.64000E-01  2.74780E-01  2.85990E-01  2.97660E-01  3.09810E-01  3.22450E-01
  3.35610E-01  3.49310E-01  3.63570E-01  3.78400E-01  3.93850E-01  4.09920E-01
  4.26650E-01  4.44060E-01  4.62180E-01  4.81050E-01  5.00680E-01  5.21110E-01
  5.42380E-01  5.64510E-01  5.87550E-01  6.11530E-01  6.36480E-01  6.62460E-01
  6.89500E-01  7.17630E-01  7.46920E-01  7.77400E-01  8.09130E-01  8.42150E-01
  8.76520E-01  9.12290E-01  9.49520E-01  9.88270E-01  1.02860E+00  1.07060E+00
  1.11430E+00  1.15980E+00  1.20710E+00  1.25630E+00  1.30760E+00  1.36100E+00
  1.41650E+00  1.47430E+00  1.53450E+00  1.59710E+00  1.66230E+00  1.73010E+00
  1.80080E+00  1.87420E+00  1.95070E+00  2.03030E+00  2.11320E+00  2.19940E+00
  2.28920E+00  2.38260E+00  2.47990E+00  2.58110E+00  2.68640E+00  2.79600E+00
  2.91010E+00  3.02890E+00  3.15250E+00  3.28120E+00  3.41510E+00  3.55450E+00
  3.69950E+00  3.85050E+00  4.00760E+00  4.17120E+00  4.34140E+00  4.51860E+00
  4.70300E+00  4.89490E+00  5.09470E+00  5.30260E+00  5.51900E+00  5.74430E+00
  5.97870E+00  6.22270E+00  6.47660E+00  6.74100E+00  7.01610E+00  7.30240E+00
  7.60040E+00  7.91060E+00  8.23340E+00  8.56940E+00  8.91920E+00  9.28320E+00
  9.66200E+00  1.00560E+01  1.04670E+01  1.08940E+01  1.13390E+01  1.18010E+01
  1.22830E+01  1.27840E+01  1.33060E+01  1.38490E+01  1.44140E+01  1.50020E+01
  1.56150E+01  1.62520E+01  1.69150E+01  1.76050E+01  1.83240E+01  1.90720E+01
  1.98500E+01  2.06600E+01
t        0
vals
  2.67055E-03 0.0018  1.66807E-04 0.0073  2.36533E-04 0.0062  2.79670E-04 0.0057
  2.47247E-04 0.0060  1.66382E-04 0.0074  6.36057E-04 0.0038  7.18139E-04 0.0036
  4.88013E-04 0.0043  1.61796E-04 0.0075  1.37883E-04 0.0081  1.59376E-04 0.0075
  1.38838E-04 0.0081  2.85828E-04 0.0057  3.75140E-04 0.0049  5.19045E-04 0.0042
  5.31926E-04 0.0041  5.11726E-04 0.0042  3.04424E-04 0.0055  3.13839E-04 0.0054
  4.00239E-04 0.0048  5.51892E-04 0.0041  6.65484E-04 0.0037  8.32006E-04 0.0033
  9.72974E-04 0.0031  1.46132E-03 0.0025  7.07212E-04 0.0036  6.23894E-04 0.0038
  8.11378E-04 0.0034  7.79127E-04 0.0034  1.06750E-03 0.0029  1.34105E-03 0.0026
  1.51963E-03 0.0025  9.00340E-04 0.0032  1.78247E-03 0.0023  1.59452E-03 0.0024
  1.08687E-03 0.0029  1.18449E-03 0.0028  1.32399E-03 0.0026  1.51751E-03 0.0025
  1.75102E-03 0.0023  1.92570E-03 0.0022  1.50380E-03 0.0025  1.90265E-03 0.0022
  1.78809E-03 0.0023  2.39850E-03 0.0020  2.13811E-03 0.0021  1.87198E-03 0.0022
  2.58522E-03 0.0019  2.78593E-03 0.0018  2.92891E-03 0.0018  2.62822E-03 0.0019
  1.85042E-03 0.0022  2.43269E-03 0.0019  2.28145E-03 0.0020  2.79704E-03 0.0018
  3.12059E-03 0.0017  3.10509E-03 0.0017  3.33139E-03 0.0017  3.31974E-03 0.0017
  3.63398E-03 0.0016  3.03461E-03 0.0017  2.79635E-03 0.0018  3.21082E-03 0.0017
  3.25545E-03 0.0017  3.66907E-03 0.0016  3.42349E-03 0.0016  3.26682E-03 0.0017
  3.46639E-03 0.0016  3.33086E-03 0.0016  3.62045E-03 0.0016  3.37352E-03 0.0016
  3.36573E-03 0.0016  3.88580E-03 0.0015  3.43092E-03 0.0016  3.38328E-03 0.0016
  3.28519E-03 0.0017  3.32057E-03 0.0016  3.30767E-03 0.0016  3.47254E-03 0.0016
  3.93495E-03 0.0015  3.23871E-03 0.0017  3.45146E-03 0.0016  3.47444E-03 0.0016
  3.64472E-03 0.0016  3.48537E-03 0.0016  3.09173E-03 0.0017  3.10352E-03 0.0017
  3.08054E-03 0.0017  3.16196E-03 0.0017  3.04859E-03 0.0017  2.99807E-03 0.0017
  3.07067E-03 0.0017  2.96493E-03 0.0017  2.99215E-03 0.0017  3.02435E-03 0.0017
  2.96042E-03 0.0017  2.95646E-03 0.0017  2.86470E-03 0.0018  2.86067E-03 0.0018
  2.78911E-03 0.0018  2.78424E-03 0.0018  2.75145E-03 0.0018  2.72209E-03 0.0018
  2.67265E-03 0.0018  2.66698E-03 0.0018  2.56536E-03 0.0018  2.56779E-03 0.0018
  2.52439E-03 0.0019  2.45189E-03 0.0019  2.39069E-03 0.0019  2.28191E-03 0.0020
  2.19177E-03 0.0020  2.19475E-03 0.0020  2.13667E-03 0.0020  2.12638E-03 0.0020
  2.42687E-03 0.0019  2.73777E-03 0.0018  3.30488E-03 0.0016  3.92351E-03 0.0015
  4.70304E-03 0.0014  1.01739E-02 0.0009  1.44320E-02 0.0008  9.91923E-02 0.0003
  1.80252E-01 0.0002  1.82388E-01 0.0002  8.46486E-02 0.0003  8.57470E-02 0.0003
  4.18790E-02 0.0005  1.75302E-04 0.0075  1.72711E-04 0.0076  5.43489E-06 0.0426
  6.05175E-06 0.0404  2.84058E-06 0.0592  9.65551E-01 0.0000
tfc   13       1       1       1       1       1       1     135       1
        8192000  9.65628E-01  0.00000E+00  1.00000E+30
       16384000  9.65601E-01  0.00000E+00  1.00000E+30
       24576000  9.65573E-01  0.00000E+00  1.00000E+30
       32768000  9.65568E-01  0.00000E+00  1.00000E+30
       40960000  9.65563E-01  0.00000E+00  1.00000E+30
       49152000  9.65562E-01  0.00000E+00  1.00000E+30
       57344000  9.65553E-01  0.00000E+00  1.00000E+30
       65536000  9.65559E-01  0.00000E+00  1.00000E+30
       73728000  9.65551E-01  0.00000E+00  1.00000E+30
       81920000  9.65552E-01  0.00000E+00  1.00000E+30
       90112000  9.65552E-01  0.00000E+00  1.00000E+30
       98304000  9.65550E-01  0.00000E+00  1.00000E+30
      100000000  9.65551E-01  0.00000E+00  1.00000E+30
tally   41                   -1    0    0
 0 1 0 0 0 0 0 0 0 0 0 0 0 0 0 0 0 0 0 0 0 0 0 0 0 0 0 0 0 0 0 0 0 0 0 0 0
f        1
      6
d        1
u        0
s        0
m        0
c        0
et      58
  5.00000E-01  6.00000E-01  7.00000E-01  8.00000E-01  9.00000E-01  1.00000E+00
  1.10000E+00  1.20000E+00  1.30000E+00  1.40000E+00  1.50000E+00  1.60000E+00
  1.70000E+00  1.80000E+00  1.90000E+00  2.00000E+00  2.10000E+00  2.20000E+00
  2.30000E+00  2.40000E+00  2.50000E+00  2.60000E+00  2.70000E+00  2.80000E+00
  2.90000E+00  3.00000E+00  3.10000E+00  3.20000E+00  3.30000E+00  3.40000E+00
  3.50000E+00  3.60000E+00  3.70000E+00  3.80000E+00  3.90000E+00  4.00000E+00
  4.10000E+00  4.20000E+00  4.30000E+00  4.40000E+00  4.50000E+00  4.60000E+00
  4.70000E+00  4.80000E+00  4.90000E+00  5.00000E+00  5.50000E+00  6.00000E+00
  6.50000E+00  7.00000E+00  7.50000E+00  8.00000E+00  8.50000E+00  9.00000E+00
  9.50000E+00  1.00000E+01  1.05000E+01
t        0
vals
  1.10592E-01 0.0003  1.85497E-02 0.0008  1.02818E-02 0.0010  1.17838E-02 0.0010
  1.77280E-02 0.0008  1.25607E-02 0.0009  1.69053E-02 0.0008  7.76537E-03 0.0012
  6.66911E-03 0.0013  6.83564E-03 0.0013  7.62431E-03 0.0012  6.54182E-03 0.0013
  8.19964E-03 0.0011  1.05118E-02 0.0010  1.02081E-02 0.0010  7.13005E-03 0.0012
  5.86250E-03 0.0013  5.87876E-03 0.0013  1.53543E-02 0.0008  3.14544E-03 0.0018
  3.07145E-03 0.0019  2.82207E-03 0.0020  3.08061E-03 0.0019  3.01427E-03 0.0019
  3.25860E-03 0.0018  4.66604E-03 0.0015  8.94018E-03 0.0011  2.56765E-03 0.0020
  3.08361E-03 0.0019  1.83204E-03 0.0024  1.81428E-03 0.0025  2.08641E-03 0.0023
  1.77240E-03 0.0025  2.71493E-03 0.0020  1.47752E-03 0.0027  2.27688E-03 0.0022
  1.90818E-03 0.0024  1.53320E-03 0.0027  1.92105E-03 0.0024  1.71631E-03 0.0025
  1.95973E-03 0.0023  2.29276E-03 0.0021  1.38656E-03 0.0028  1.37251E-03 0.0028
  1.91727E-03 0.0023  1.29881E-03 0.0029  7.13706E-03 0.0012  5.86745E-03 0.0013
  5.48442E-03 0.0014  4.29221E-03 0.0016  3.36772E-03 0.0018  2.94285E-03 0.0019
  2.37661E-03 0.0021  1.83666E-03 0.0024  1.28168E-03 0.0028  8.20218E-04 0.0035
  5.50372E-04 0.0043  4.01871E-01 0.0002
tfc   13       1       1       1       1       1       1      58       1
        8192000  4.01649E-01  6.13984E-04  6.47827E+03
       16384000  4.01877E-01  4.34139E-04  6.53401E+03
       24576000  4.01835E-01  3.54449E-04  6.55260E+03
       32768000  4.01762E-01  3.06924E-04  6.56492E+03
       40960000  4.01814E-01  2.74504E-04  6.57074E+03
       49152000  4.01741E-01  2.50618E-04  6.57667E+03
       57344000  4.01774E-01  2.32015E-04  6.58332E+03
       65536000  4.01850E-01  2.17016E-04  6.58698E+03
       73728000  4.01862E-01  2.04604E-04  6.59037E+03
       81920000  4.01867E-01  1.94109E-04  6.59260E+03
       90112000  4.01892E-01  1.85077E-04  6.59482E+03
       98304000  4.01865E-01  1.77209E-04  6.59581E+03
      100000000  4.01871E-01  1.75699E-04  6.59641E+03
