mcnp       6     01/18/18 11:59:03     4       100000000      4675387054
   Leakage from Co (40cm dia) sphere 3-d surface tally                          
ntal     2
   21   41
tally   21                   -1    0    0
 1 0 0 0 0 0 0 0 0 0 0 0 0 0 0 0 0 0 0 0 0 0 0 0 0 0 0 0 0 0 0 0 0 0 0 0 0
f        1
      6
d        1
u        0
s        0
m        0
c        0
et     106
  1.06260E-01  1.11710E-01  1.17440E-01  1.23460E-01  1.29790E-01  1.36440E-01
  1.43440E-01  1.50790E-01  1.58530E-01  1.66650E-01  1.75200E-01  1.84180E-01
  1.93620E-01  2.03550E-01  2.13990E-01  2.24960E-01  2.36490E-01  2.48620E-01
  2.61360E-01  2.74760E-01  2.88850E-01  3.03660E-01  3.19230E-01  3.35600E-01
  3.52800E-01  3.70890E-01  3.89910E-01  4.09900E-01  4.30920E-01  4.53010E-01
  4.76240E-01  5.00650E-01  5.26320E-01  5.53310E-01  5.81680E-01  6.11500E-01
  6.42850E-01  6.75810E-01  7.10460E-01  7.46890E-01  7.85180E-01  8.25440E-01
  8.67760E-01  9.12250E-01  9.59020E-01  1.00820E+00  1.05990E+00  1.11420E+00
  1.17140E+00  1.23140E+00  1.29450E+00  1.36090E+00  1.43070E+00  1.50400E+00
  1.58120E+00  1.66220E+00  1.74750E+00  1.83700E+00  1.93120E+00  2.03020E+00
  2.13430E+00  2.24380E+00  2.35880E+00  2.47980E+00  2.60690E+00  2.74050E+00
  2.88110E+00  3.02880E+00  3.18410E+00  3.34730E+00  3.51890E+00  3.69930E+00
  3.88900E+00  4.08840E+00  4.29800E+00  4.51840E+00  4.75010E+00  4.99360E+00
  5.24960E+00  5.51880E+00  5.80170E+00  6.09920E+00  6.41190E+00  6.74060E+00
  7.08620E+00  7.44960E+00  7.83150E+00  8.23300E+00  8.65520E+00  9.09890E+00
  9.56540E+00  1.00560E+01  1.05710E+01  1.11130E+01  1.16830E+01  1.22820E+01
  1.29120E+01  1.35740E+01  1.42700E+01  1.50020E+01  1.57710E+01  1.65790E+01
  1.74290E+01  1.83230E+01  1.92620E+01
t        0
vals
  8.51009E-03 0.0011  7.47315E-04 0.0036  9.63534E-04 0.0031  6.69243E-04 0.0038
  1.03763E-03 0.0030  6.68362E-04 0.0038  8.40594E-04 0.0034  1.05077E-03 0.0030
  1.45493E-03 0.0026  1.24719E-03 0.0028  1.32963E-03 0.0027  2.38497E-03 0.0020
  1.55493E-03 0.0025  1.94680E-03 0.0022  1.62649E-03 0.0024  1.73215E-03 0.0024
  2.02274E-03 0.0022  2.45793E-03 0.0020  2.58009E-03 0.0019  2.68019E-03 0.0019
  2.14510E-03 0.0021  2.70136E-03 0.0019  3.95448E-03 0.0016  2.69817E-03 0.0019
  3.49922E-03 0.0017  3.46354E-03 0.0017  3.44128E-03 0.0017  4.55991E-03 0.0015
  4.06755E-03 0.0015  4.48231E-03 0.0015  4.24681E-03 0.0015  4.49523E-03 0.0015
  4.62340E-03 0.0014  5.51638E-03 0.0013  5.41992E-03 0.0013  6.09218E-03 0.0013
  5.99586E-03 0.0013  6.20774E-03 0.0012  6.18819E-03 0.0013  6.53878E-03 0.0012
  6.94690E-03 0.0012  7.41103E-03 0.0011  7.43142E-03 0.0011  7.38292E-03 0.0011
  8.10660E-03 0.0011  7.66384E-03 0.0011  8.24221E-03 0.0011  8.58221E-03 0.0011
  8.21195E-03 0.0011  8.35108E-03 0.0011  7.64376E-03 0.0011  7.79910E-03 0.0011
  7.63981E-03 0.0011  7.50815E-03 0.0011  7.21529E-03 0.0012  6.85607E-03 0.0012
  6.75112E-03 0.0012  6.61070E-03 0.0012  6.27629E-03 0.0012  6.22599E-03 0.0012
  6.00283E-03 0.0013  5.84860E-03 0.0013  5.65669E-03 0.0013  5.59775E-03 0.0013
  5.51526E-03 0.0013  5.81561E-03 0.0013  5.60092E-03 0.0013  5.50511E-03 0.0013
  4.85416E-03 0.0014  4.88835E-03 0.0014  4.78095E-03 0.0014  4.56956E-03 0.0015
  4.20571E-03 0.0015  3.73947E-03 0.0016  3.39921E-03 0.0017  3.18355E-03 0.0017
  2.96940E-03 0.0018  2.87224E-03 0.0018  2.77256E-03 0.0019  2.60209E-03 0.0019
  2.47431E-03 0.0020  2.39107E-03 0.0020  2.23474E-03 0.0021  2.11168E-03 0.0021
  1.96397E-03 0.0022  1.91345E-03 0.0022  1.88290E-03 0.0023  1.81318E-03 0.0023
  1.76319E-03 0.0023  1.75804E-03 0.0023  1.75521E-03 0.0023  1.72384E-03 0.0024
  1.93646E-03 0.0022  2.04265E-03 0.0022  2.33679E-03 0.0020  3.99382E-03 0.0016
  6.85873E-03 0.0012  1.28813E-02 0.0009  1.72566E-01 0.0002  2.79282E-01 0.0002
  1.42265E-01 0.0002  8.70044E-02 0.0003  2.95291E-03 0.0018  6.10838E-04 0.0040
  3.51679E-05 0.0168  1.10563E+00 0.0000
tfc   13       1       1       1       1       1       1     106       1
        8192000  1.10547E+00  0.00000E+00  1.00000E+30
       16384000  1.10558E+00  0.00000E+00  1.00000E+30
       24576000  1.10564E+00  0.00000E+00  1.00000E+30
       32768000  1.10562E+00  0.00000E+00  1.00000E+30
       40960000  1.10563E+00  0.00000E+00  1.00000E+30
       49152000  1.10562E+00  0.00000E+00  1.00000E+30
       57344000  1.10563E+00  0.00000E+00  1.00000E+30
       65536000  1.10564E+00  0.00000E+00  1.00000E+30
       73728000  1.10563E+00  0.00000E+00  1.00000E+30
       81920000  1.10564E+00  0.00000E+00  1.00000E+30
       90112000  1.10562E+00  0.00000E+00  1.00000E+30
       98304000  1.10562E+00  0.00000E+00  1.00000E+30
      100000000  1.10563E+00  0.00000E+00  1.00000E+30
tally   41                   -1    0    0
 0 1 0 0 0 0 0 0 0 0 0 0 0 0 0 0 0 0 0 0 0 0 0 0 0 0 0 0 0 0 0 0 0 0 0 0 0
f        1
      6
d        1
u        0
s        0
m        0
c        0
et      59
  2.00000E-01  3.00000E-01  4.00000E-01  5.00000E-01  6.00000E-01  7.00000E-01
  8.00000E-01  9.00000E-01  1.00000E+00  1.10000E+00  1.20000E+00  1.30000E+00
  1.40000E+00  1.50000E+00  1.60000E+00  1.70000E+00  1.80000E+00  1.90000E+00
  2.00000E+00  2.10000E+00  2.20000E+00  2.30000E+00  2.40000E+00  2.50000E+00
  2.60000E+00  2.70000E+00  2.80000E+00  2.90000E+00  3.00000E+00  3.10000E+00
  3.20000E+00  3.30000E+00  3.40000E+00  3.50000E+00  3.60000E+00  3.70000E+00
  3.80000E+00  3.90000E+00  4.00000E+00  4.20000E+00  4.40000E+00  4.60000E+00
  4.80000E+00  5.00000E+00  5.20000E+00  5.40000E+00  5.60000E+00  5.80000E+00
  6.00000E+00  6.50000E+00  7.00000E+00  7.50000E+00  8.00000E+00  8.50000E+00
  9.00000E+00  9.50000E+00  1.00000E+01  1.05000E+01
t        0
vals
  4.28505E-02 0.0006  4.98909E-02 0.0005  3.88153E-02 0.0006  3.01351E-02 0.0007
  2.78981E-02 0.0007  1.88717E-02 0.0008  1.65625E-02 0.0009  1.71457E-02 0.0009
  1.32710E-02 0.0010  1.36395E-02 0.0010  1.48666E-02 0.0009  1.02379E-02 0.0011
  8.46999E-03 0.0012  1.41212E-02 0.0009  5.99988E-03 0.0015  5.46318E-03 0.0015
  6.99140E-03 0.0013  4.79506E-03 0.0016  4.25494E-03 0.0017  4.96462E-03 0.0016
  4.83474E-03 0.0016  3.84508E-03 0.0018  3.73181E-03 0.0018  3.27223E-03 0.0020
  3.51359E-03 0.0019  2.68532E-03 0.0022  2.74332E-03 0.0022  2.61835E-03 0.0022
  2.26534E-03 0.0024  2.09325E-03 0.0025  1.97104E-03 0.0026  1.88296E-03 0.0026
  1.73097E-03 0.0027  1.64193E-03 0.0028  1.56865E-03 0.0029  1.48856E-03 0.0030
  1.39309E-03 0.0030  1.24619E-03 0.0032  1.18320E-03 0.0033  2.12012E-03 0.0025
  1.86507E-03 0.0026  1.65881E-03 0.0028  1.44620E-03 0.0030  1.28929E-03 0.0032
  1.13401E-03 0.0034  9.97729E-04 0.0036  8.88988E-04 0.0038  8.06074E-04 0.0040
  6.93010E-04 0.0043  1.33033E-03 0.0031  1.01929E-03 0.0035  6.71487E-04 0.0043
  4.24048E-04 0.0055  2.99929E-04 0.0065  2.25435E-04 0.0076  1.66821E-04 0.0088
  1.24709E-04 0.0102  8.54397E-05 0.0124  4.12201E-01 0.0002
tfc   13       1       1       1       1       1       1      59       1
        8192000  4.12069E-01  6.61609E-04  7.03338E+03
       16384000  4.12320E-01  4.67649E-04  7.05566E+03
       24576000  4.12231E-01  3.81842E-04  7.05333E+03
       32768000  4.12158E-01  3.30703E-04  7.05166E+03
       40960000  4.12144E-01  2.95831E-04  7.04695E+03
       49152000  4.12091E-01  2.70091E-04  7.05433E+03
       57344000  4.12181E-01  2.50023E-04  7.06323E+03
       65536000  4.12212E-01  2.33876E-04  7.06857E+03
       73728000  4.12208E-01  2.20490E-04  7.07361E+03
       81920000  4.12217E-01  2.09180E-04  7.07837E+03
       90112000  4.12217E-01  1.99444E-04  7.08428E+03
       98304000  4.12186E-01  1.90961E-04  7.08815E+03
      100000000  4.12201E-01  1.89336E-04  7.08862E+03
