mcnp       6     11/11/11 16:46:16     4       100000000      8710051218
   Leakage from Si (60cm dia) sphere 3-d surface tally                          
ntal     2
   21   41
tally   21                   -1    0    0
 1 0 0 0 0 0 0 0 0 0 0 0 0 0 0 0 0 0 0 0 0 0 0 0 0 0 0 0 0 0 0 0 0 0 0 0 0
f        1
      6
d        1
u        0
s        0
m        0
c        0
et     109
  9.14600E-02  9.61500E-02  1.01080E-01  1.06260E-01  1.11710E-01  1.17440E-01
  1.23460E-01  1.29790E-01  1.36440E-01  1.43440E-01  1.50790E-01  1.58530E-01
  1.66650E-01  1.75200E-01  1.84180E-01  1.93620E-01  2.03550E-01  2.13990E-01
  2.24960E-01  2.36490E-01  2.48620E-01  2.61360E-01  2.74760E-01  2.88850E-01
  3.03660E-01  3.19230E-01  3.35600E-01  3.52800E-01  3.70890E-01  3.89910E-01
  4.09900E-01  4.30920E-01  4.53010E-01  4.76240E-01  5.00650E-01  5.26320E-01
  5.53310E-01  5.81680E-01  6.11500E-01  6.42850E-01  6.75810E-01  7.10460E-01
  7.46890E-01  7.85180E-01  8.25440E-01  8.67760E-01  9.12250E-01  9.59020E-01
  1.00820E+00  1.05990E+00  1.11420E+00  1.17140E+00  1.23140E+00  1.29450E+00
  1.36090E+00  1.43070E+00  1.50400E+00  1.58120E+00  1.66220E+00  1.74750E+00
  1.83700E+00  1.93120E+00  2.03020E+00  2.13430E+00  2.24380E+00  2.35880E+00
  2.47980E+00  2.60690E+00  2.74050E+00  2.88110E+00  3.02880E+00  3.18410E+00
  3.34730E+00  3.51890E+00  3.69930E+00  3.88900E+00  4.08840E+00  4.29900E+00
  4.51840E+00  4.75010E+00  4.99360E+00  5.24960E+00  5.51880E+00  5.80170E+00
  6.09920E+00  6.41190E+00  6.74060E+00  7.08620E+00  7.44960E+00  7.83150E+00
  8.23300E+00  8.65520E+00  9.09890E+00  9.56540E+00  1.00560E+01  1.05710E+01
  1.11130E+01  1.16830E+01  1.22820E+01  1.29120E+01  1.35740E+01  1.42700E+01
  1.50020E+01  1.57710E+01  1.65790E+01  1.74290E+01  1.83230E+01  1.92620E+01
t        0
vals
  2.20537E-03 0.0019  1.72034E-04 0.0068  1.52800E-04 0.0072  1.91474E-04 0.0065
  2.12899E-04 0.0061  2.64039E-04 0.0055  3.39968E-04 0.0049  4.95965E-04 0.0040
  1.05129E-03 0.0028  1.47701E-03 0.0024  2.46036E-03 0.0018  3.87650E-03 0.0015
  2.75062E-03 0.0017  1.05270E-03 0.0028  4.72049E-04 0.0041  3.17496E-04 0.0051
  3.88837E-04 0.0046  5.16063E-04 0.0040  6.52039E-04 0.0035  7.84065E-04 0.0032
  9.14294E-04 0.0030  1.05926E-03 0.0028  1.32347E-03 0.0025  1.24742E-03 0.0026
  1.53987E-03 0.0023  1.79005E-03 0.0021  1.61601E-03 0.0022  2.02892E-03 0.0020
  2.10515E-03 0.0020  2.33948E-03 0.0019  2.23723E-03 0.0019  2.39698E-03 0.0018
  2.68344E-03 0.0017  3.04710E-03 0.0016  3.33613E-03 0.0016  3.55791E-03 0.0015
  3.34230E-03 0.0016  1.79110E-03 0.0021  3.43202E-03 0.0015  3.94443E-03 0.0014
  4.29703E-03 0.0014  5.14285E-03 0.0013  5.62153E-03 0.0012  5.66172E-03 0.0012
  2.95709E-03 0.0017  3.70368E-03 0.0015  5.09962E-03 0.0013  3.70883E-03 0.0015
  3.16877E-03 0.0016  4.10639E-03 0.0014  5.08810E-03 0.0013  6.33341E-03 0.0011
  5.85465E-03 0.0012  6.45585E-03 0.0011  5.98418E-03 0.0012  6.25771E-03 0.0011
  6.16405E-03 0.0011  6.56675E-03 0.0011  4.00744E-03 0.0014  6.21436E-03 0.0011
  6.84704E-03 0.0011  4.08523E-03 0.0014  4.60790E-03 0.0013  5.02807E-03 0.0013
  4.96942E-03 0.0013  5.06636E-03 0.0013  5.19501E-03 0.0012  4.49284E-03 0.0013
  5.20289E-03 0.0012  4.67443E-03 0.0013  5.34596E-03 0.0012  4.34077E-03 0.0013
  4.41585E-03 0.0013  4.32291E-03 0.0013  5.14483E-03 0.0012  4.74299E-03 0.0013
  4.52655E-03 0.0013  4.87134E-03 0.0012  4.72191E-03 0.0013  4.59104E-03 0.0013
  4.20848E-03 0.0013  4.16219E-03 0.0013  4.60284E-03 0.0013  4.04933E-03 0.0013
  3.89518E-03 0.0014  3.82129E-03 0.0014  3.79943E-03 0.0014  3.31235E-03 0.0015
  2.95163E-03 0.0016  2.49546E-03 0.0017  2.26097E-03 0.0018  2.19289E-03 0.0018
  2.34564E-03 0.0017  2.54859E-03 0.0017  2.53525E-03 0.0017  2.81491E-03 0.0016
  3.81451E-03 0.0013  5.47162E-03 0.0011  9.38360E-03 0.0009  1.17461E-02 0.0008
  1.70526E-02 0.0007  1.27492E-01 0.0002  1.91019E-01 0.0002  9.86262E-02 0.0003
  5.69715E-02 0.0004  2.01620E-03 0.0022  3.78897E-04 0.0051  2.51688E-05 0.0196
  8.41147E-01 0.0000
tfc   13       1       1       1       1       1       1     109       1
    8192000  8.41197E-01  1.04121E-04  7.34513E+06
   16384000  8.41186E-01  0.00000E+00  1.00000E+30
   24576000  8.41167E-01  0.00000E+00  1.00000E+30
   32768000  8.41114E-01  0.00000E+00  1.00000E+30
   40960000  8.41127E-01  0.00000E+00  1.00000E+30
   49152000  8.41126E-01  0.00000E+00  1.00000E+30
   57344000  8.41104E-01  0.00000E+00  1.00000E+30
   65536000  8.41126E-01  0.00000E+00  1.00000E+30
   73728000  8.41136E-01  0.00000E+00  1.00000E+30
   81920000  8.41144E-01  0.00000E+00  1.00000E+30
   90112000  8.41156E-01  0.00000E+00  1.00000E+30
   98304000  8.41145E-01  0.00000E+00  1.00000E+30
  100000000  8.41147E-01  0.00000E+00  1.00000E+30
tally   41                   -1    0    0
 0 1 0 0 0 0 0 0 0 0 0 0 0 0 0 0 0 0 0 0 0 0 0 0 0 0 0 0 0 0 0 0 0 0 0 0 0
f        1
      6
d        1
u        0
s        0
m        0
c        0
et      52
  3.00000E-01  4.00000E-01  5.00000E-01  6.00000E-01  7.00000E-01  8.00000E-01
  9.00000E-01  1.00000E+00  1.10000E+00  1.20000E+00  1.30000E+00  1.40000E+00
  1.50000E+00  1.60000E+00  1.70000E+00  1.80000E+00  1.90000E+00  2.00000E+00
  2.10000E+00  2.20000E+00  2.30000E+00  2.40000E+00  2.50000E+00  2.60000E+00
  2.70000E+00  2.80000E+00  2.90000E+00  3.00000E+00  3.10000E+00  3.20000E+00
  3.30000E+00  3.40000E+00  3.50000E+00  3.60000E+00  3.70000E+00  3.80000E+00
  3.90000E+00  4.00000E+00  4.50000E+00  5.00000E+00  5.50000E+00  6.00000E+00
  6.50000E+00  7.00000E+00  7.50000E+00  8.00000E+00  8.50000E+00  9.00000E+00
  9.50000E+00  1.00000E+01  1.05000E+01
t        0
vals
  1.13751E-01 0.0003  3.74076E-02 0.0005  2.90673E-02 0.0006  3.61285E-02 0.0005
  1.82008E-02 0.0008  1.72100E-02 0.0008  1.96151E-02 0.0007  1.73115E-02 0.0008
  1.23231E-02 0.0009  1.17095E-02 0.0010  1.32486E-02 0.0009  1.24775E-02 0.0009
  1.13257E-02 0.0010  1.10596E-02 0.0010  1.44232E-02 0.0008  5.64713E-02 0.0004
  5.31773E-03 0.0014  5.14844E-03 0.0014  5.32121E-03 0.0014  5.26470E-03 0.0014
  7.79529E-03 0.0011  3.72398E-03 0.0017  4.25796E-03 0.0016  5.94686E-03 0.0013
  3.62126E-03 0.0017  4.15585E-03 0.0016  1.29462E-02 0.0009  3.89994E-03 0.0016
  3.56080E-03 0.0017  3.12860E-03 0.0018  4.38168E-03 0.0015  3.45508E-03 0.0017
  3.74758E-03 0.0017  2.79287E-03 0.0020  2.95587E-03 0.0019  3.46911E-03 0.0017
  2.35390E-03 0.0021  5.36687E-03 0.0014  1.66251E-02 0.0008  1.05257E-02 0.0010
  1.19174E-02 0.0009  7.91221E-03 0.0011  7.49427E-03 0.0012  1.09607E-02 0.0010
  6.48291E-03 0.0013  4.16652E-03 0.0016  2.87594E-03 0.0019  2.05226E-03 0.0023
  1.89083E-03 0.0023  1.51389E-03 0.0026  8.04553E-04 0.0036  6.19565E-01 0.0001
tfc   13       1       1       1       1       1       1      52       1
    8192000  6.19632E-01  4.62532E-04  3.72211E+05
   16384000  6.19594E-01  3.26993E-04  3.73272E+05
   24576000  6.19668E-01  2.67001E-04  3.72860E+05
   32768000  6.19667E-01  2.31195E-04  3.74078E+05
   40960000  6.19568E-01  2.06796E-04  3.76301E+05
   49152000  6.19559E-01  1.88780E-04  3.77872E+05
   57344000  6.19584E-01  1.74775E-04  3.79289E+05
   65536000  6.19543E-01  1.63489E-04  3.80534E+05
   73728000  6.19524E-01  1.54129E-04  3.81059E+05
   81920000  6.19534E-01  1.46215E-04  3.81901E+05
   90112000  6.19541E-01  1.39415E-04  3.82564E+05
   98304000  6.19558E-01  1.33481E-04  3.82513E+05
  100000000  6.19565E-01  1.32346E-04  3.82414E+05
