mcnp       6     12/16/11 20:49:59     4       100000000      3836003995
   Leakage from Co (40cm dia) sphere 3-d surface tally                          
ntal     2
   21   41
tally   21                   -1    0    0
 1 0 0 0 0 0 0 0 0 0 0 0 0 0 0 0 0 0 0 0 0 0 0 0 0 0 0 0 0 0 0 0 0 0 0 0 0
f        1
      6
d        1
u        0
s        0
m        0
c        0
et     106
  1.06260E-01  1.11710E-01  1.17440E-01  1.23460E-01  1.29790E-01  1.36440E-01
  1.43440E-01  1.50790E-01  1.58530E-01  1.66650E-01  1.75200E-01  1.84180E-01
  1.93620E-01  2.03550E-01  2.13990E-01  2.24960E-01  2.36490E-01  2.48620E-01
  2.61360E-01  2.74760E-01  2.88850E-01  3.03660E-01  3.19230E-01  3.35600E-01
  3.52800E-01  3.70890E-01  3.89910E-01  4.09900E-01  4.30920E-01  4.53010E-01
  4.76240E-01  5.00650E-01  5.26320E-01  5.53310E-01  5.81680E-01  6.11500E-01
  6.42850E-01  6.75810E-01  7.10460E-01  7.46890E-01  7.85180E-01  8.25440E-01
  8.67760E-01  9.12250E-01  9.59020E-01  1.00820E+00  1.05990E+00  1.11420E+00
  1.17140E+00  1.23140E+00  1.29450E+00  1.36090E+00  1.43070E+00  1.50400E+00
  1.58120E+00  1.66220E+00  1.74750E+00  1.83700E+00  1.93120E+00  2.03020E+00
  2.13430E+00  2.24380E+00  2.35880E+00  2.47980E+00  2.60690E+00  2.74050E+00
  2.88110E+00  3.02880E+00  3.18410E+00  3.34730E+00  3.51890E+00  3.69930E+00
  3.88900E+00  4.08840E+00  4.29800E+00  4.51840E+00  4.75010E+00  4.99360E+00
  5.24960E+00  5.51880E+00  5.80170E+00  6.09920E+00  6.41190E+00  6.74060E+00
  7.08620E+00  7.44960E+00  7.83150E+00  8.23300E+00  8.65520E+00  9.09890E+00
  9.56540E+00  1.00560E+01  1.05710E+01  1.11130E+01  1.16830E+01  1.22820E+01
  1.29120E+01  1.35740E+01  1.42700E+01  1.50020E+01  1.57710E+01  1.65790E+01
  1.74290E+01  1.83230E+01  1.92620E+01
t        0
vals
  7.83899E-03 0.0011  6.77866E-04 0.0037  9.27135E-04 0.0032  6.16503E-04 0.0039
  1.00265E-03 0.0031  6.41591E-04 0.0039  7.98058E-04 0.0035  9.84626E-04 0.0031
  1.36634E-03 0.0026  1.16278E-03 0.0029  1.21908E-03 0.0028  2.20559E-03 0.0021
  1.42763E-03 0.0026  1.77924E-03 0.0023  1.53803E-03 0.0025  1.62114E-03 0.0024
  1.90087E-03 0.0022  2.35123E-03 0.0020  2.47445E-03 0.0020  2.61949E-03 0.0019
  2.09209E-03 0.0021  2.66946E-03 0.0019  3.92946E-03 0.0016  2.72314E-03 0.0019
  3.56225E-03 0.0016  3.42125E-03 0.0017  3.44407E-03 0.0017  4.55359E-03 0.0015
  4.05008E-03 0.0015  4.45847E-03 0.0015  4.24922E-03 0.0015  4.44166E-03 0.0015
  4.62101E-03 0.0014  5.45813E-03 0.0013  5.33578E-03 0.0013  6.07112E-03 0.0013
  5.95870E-03 0.0013  6.00741E-03 0.0013  5.97168E-03 0.0013  6.20400E-03 0.0012
  6.47138E-03 0.0012  6.84336E-03 0.0012  6.81063E-03 0.0012  6.79480E-03 0.0012
  7.44946E-03 0.0011  7.09524E-03 0.0012  7.68664E-03 0.0011  8.06628E-03 0.0011
  7.80005E-03 0.0011  7.99342E-03 0.0011  7.44805E-03 0.0011  7.71080E-03 0.0011
  7.66564E-03 0.0011  7.65480E-03 0.0011  7.51607E-03 0.0011  7.24919E-03 0.0012
  7.20013E-03 0.0012  7.10294E-03 0.0012  6.78770E-03 0.0012  6.75369E-03 0.0012
  6.54260E-03 0.0012  6.40859E-03 0.0012  6.21953E-03 0.0012  6.09615E-03 0.0013
  5.98590E-03 0.0013  6.18798E-03 0.0012  5.84918E-03 0.0013  5.59679E-03 0.0013
  4.74360E-03 0.0014  4.58128E-03 0.0014  4.36158E-03 0.0015  4.16747E-03 0.0015
  3.90578E-03 0.0016  3.67233E-03 0.0016  3.59529E-03 0.0016  3.60163E-03 0.0016
  3.46366E-03 0.0017  3.31164E-03 0.0017  3.19007E-03 0.0017  3.06573E-03 0.0018
  2.98063E-03 0.0018  2.92891E-03 0.0018  2.80299E-03 0.0018  2.69450E-03 0.0019
  2.57415E-03 0.0019  2.53924E-03 0.0019  2.52580E-03 0.0019  2.48099E-03 0.0020
  2.45665E-03 0.0020  2.49915E-03 0.0020  2.57235E-03 0.0019  2.63579E-03 0.0019
  2.81931E-03 0.0018  2.82385E-03 0.0018  2.94754E-03 0.0018  4.23925E-03 0.0015
  6.67010E-03 0.0012  1.29831E-02 0.0009  1.71124E-01 0.0002  2.74724E-01 0.0002
  1.39790E-01 0.0002  8.55048E-02 0.0003  2.89488E-03 0.0018  5.99947E-04 0.0041
  3.48736E-05 0.0169  1.10387E+00 0.0000
tfc   13       1       1       1       1       1       1     106       1
    8192000  1.10361E+00  0.00000E+00  1.00000E+30
   16384000  1.10376E+00  0.00000E+00  1.00000E+30
   24576000  1.10382E+00  0.00000E+00  1.00000E+30
   32768000  1.10384E+00  0.00000E+00  1.00000E+30
   40960000  1.10384E+00  0.00000E+00  1.00000E+30
   49152000  1.10383E+00  0.00000E+00  1.00000E+30
   57344000  1.10384E+00  0.00000E+00  1.00000E+30
   65536000  1.10385E+00  0.00000E+00  1.00000E+30
   73728000  1.10385E+00  0.00000E+00  1.00000E+30
   81920000  1.10385E+00  0.00000E+00  1.00000E+30
   90112000  1.10385E+00  0.00000E+00  1.00000E+30
   98304000  1.10386E+00  0.00000E+00  1.00000E+30
  100000000  1.10387E+00  0.00000E+00  1.00000E+30
tally   41                   -1    0    0
 0 1 0 0 0 0 0 0 0 0 0 0 0 0 0 0 0 0 0 0 0 0 0 0 0 0 0 0 0 0 0 0 0 0 0 0 0
f        1
      6
d        1
u        0
s        0
m        0
c        0
et      59
  2.00000E-01  3.00000E-01  4.00000E-01  5.00000E-01  6.00000E-01  7.00000E-01
  8.00000E-01  9.00000E-01  1.00000E+00  1.10000E+00  1.20000E+00  1.30000E+00
  1.40000E+00  1.50000E+00  1.60000E+00  1.70000E+00  1.80000E+00  1.90000E+00
  2.00000E+00  2.10000E+00  2.20000E+00  2.30000E+00  2.40000E+00  2.50000E+00
  2.60000E+00  2.70000E+00  2.80000E+00  2.90000E+00  3.00000E+00  3.10000E+00
  3.20000E+00  3.30000E+00  3.40000E+00  3.50000E+00  3.60000E+00  3.70000E+00
  3.80000E+00  3.90000E+00  4.00000E+00  4.20000E+00  4.40000E+00  4.60000E+00
  4.80000E+00  5.00000E+00  5.20000E+00  5.40000E+00  5.60000E+00  5.80000E+00
  6.00000E+00  6.50000E+00  7.00000E+00  7.50000E+00  8.00000E+00  8.50000E+00
  9.00000E+00  9.50000E+00  1.00000E+01  1.05000E+01
t        0
vals
  2.96083E-02 0.0006  3.57998E-02 0.0006  2.86789E-02 0.0006  2.12835E-02 0.0007
  2.10819E-02 0.0007  1.26465E-02 0.0009  1.22849E-02 0.0009  1.36179E-02 0.0009
  9.69300E-03 0.0011  1.06064E-02 0.0010  1.40913E-02 0.0009  1.16906E-02 0.0010
  8.17047E-03 0.0012  1.18770E-02 0.0009  5.59162E-03 0.0014  5.27964E-03 0.0014
  5.17437E-03 0.0014  3.69460E-03 0.0017  3.11692E-03 0.0019  3.35183E-03 0.0018
  3.16962E-03 0.0018  3.06339E-03 0.0019  3.25070E-03 0.0018  3.61989E-03 0.0017
  3.99687E-03 0.0016  3.33983E-03 0.0018  3.15658E-03 0.0018  2.92694E-03 0.0019
  2.87134E-03 0.0019  2.79403E-03 0.0020  2.75713E-03 0.0020  2.63879E-03 0.0020
  2.47272E-03 0.0021  2.37863E-03 0.0021  2.27142E-03 0.0022  2.15977E-03 0.0022
  2.07422E-03 0.0023  1.85623E-03 0.0024  1.81113E-03 0.0025  3.27207E-03 0.0018
  2.75245E-03 0.0020  2.51385E-03 0.0021  2.27965E-03 0.0022  2.00493E-03 0.0023
  1.77700E-03 0.0025  1.54484E-03 0.0027  1.34899E-03 0.0029  1.18783E-03 0.0031
  1.03910E-03 0.0033  2.06701E-03 0.0023  1.47718E-03 0.0028  1.05735E-03 0.0033
  7.41361E-04 0.0039  4.88848E-04 0.0048  3.26677E-04 0.0060  2.12546E-04 0.0076
  1.41081E-04 0.0094  9.28542E-05 0.0117  3.46274E-01 0.0002
tfc   13       1       1       1       1       1       1      59       1
    8192000  3.46221E-01  6.58087E-04  1.62908E+05
   16384000  3.46339E-01  4.65223E-04  1.65765E+05
   24576000  3.46305E-01  3.79896E-04  1.65116E+05
   32768000  3.46256E-01  3.28984E-04  1.64048E+05
   40960000  3.46263E-01  2.94256E-04  1.63342E+05
   49152000  3.46226E-01  2.68656E-04  1.62847E+05
   57344000  3.46250E-01  2.48716E-04  1.63178E+05
   65536000  3.46258E-01  2.32651E-04  1.61916E+05
   73728000  3.46278E-01  2.19327E-04  1.61667E+05
   81920000  3.46273E-01  2.08078E-04  1.61569E+05
   90112000  3.46255E-01  1.98399E-04  1.61265E+05
   98304000  3.46263E-01  1.89951E-04  1.61053E+05
  100000000  3.46274E-01  1.88329E-04  1.61063E+05
