mcnp       6     11/11/11 21:22:47     2        30000000      2403762727
   Leakage from W (40cm dia) sphere 3-d surface tally                           
ntal     2
   21   41
tally   21                   -1    0    0
 1 0 0 0 0 0 0 0 0 0 0 0 0 0 0 0 0 0 0 0 0 0 0 0 0 0 0 0 0 0 0 0 0 0 0 0 0
f        1
      6
d        1
u        0
s        0
m        0
c        0
et     138
  8.96500E-02  9.33100E-02  9.71200E-02  1.01090E-01  1.05210E-01  1.09500E-01
  1.13970E-01  1.18620E-01  1.23470E-01  1.28500E-01  1.33750E-01  1.39210E-01
  1.44890E-01  1.50800E-01  1.56960E-01  1.63360E-01  1.70030E-01  1.76970E-01
  1.84190E-01  1.91710E-01  1.99530E-01  2.07670E-01  2.16150E-01  2.24970E-01
  2.34150E-01  2.43710E-01  2.53650E-01  2.64000E-01  2.74780E-01  2.85990E-01
  2.97660E-01  3.09810E-01  3.22450E-01  3.35610E-01  3.49310E-01  3.63570E-01
  3.78400E-01  3.93850E-01  4.09920E-01  4.26650E-01  4.44060E-01  4.62180E-01
  4.81050E-01  5.00680E-01  5.21110E-01  5.42380E-01  5.64510E-01  5.87550E-01
  6.11530E-01  6.36480E-01  6.62460E-01  6.89500E-01  7.17630E-01  7.46920E-01
  7.77400E-01  8.09130E-01  8.42150E-01  8.76520E-01  9.12290E-01  9.49520E-01
  9.88270E-01  1.02860E+00  1.07060E+00  1.11430E+00  1.15980E+00  1.20710E+00
  1.25630E+00  1.30760E+00  1.36100E+00  1.41650E+00  1.47430E+00  1.53450E+00
  1.59710E+00  1.66230E+00  1.73010E+00  1.80080E+00  1.87420E+00  1.95070E+00
  2.03030E+00  2.11320E+00  2.19940E+00  2.28920E+00  2.38260E+00  2.47990E+00
  2.58110E+00  2.68640E+00  2.79600E+00  2.91010E+00  3.02890E+00  3.15250E+00
  3.28120E+00  3.41510E+00  3.55450E+00  3.69950E+00  3.85050E+00  4.00760E+00
  4.17120E+00  4.34140E+00  4.51860E+00  4.70300E+00  4.89490E+00  5.09470E+00
  5.30260E+00  5.51900E+00  5.74430E+00  5.97870E+00  6.22270E+00  6.47660E+00
  6.74100E+00  7.01610E+00  7.30240E+00  7.60040E+00  7.91060E+00  8.23340E+00
  8.56940E+00  8.91920E+00  9.28320E+00  9.66200E+00  1.00560E+01  1.04670E+01
  1.08940E+01  1.13390E+01  1.18010E+01  1.22830E+01  1.27840E+01  1.33060E+01
  1.38490E+01  1.44140E+01  1.50020E+01  1.56150E+01  1.62520E+01  1.69150E+01
  1.76050E+01  1.83240E+01  1.90720E+01  1.98500E+01  2.06600E+01
t        0
vals
  1.50577E-02 0.0014  1.06754E-03 0.0054  1.07682E-03 0.0054  1.07293E-03 0.0054
  1.18760E-03 0.0051  1.26313E-03 0.0050  1.35749E-03 0.0048  1.47629E-03 0.0046
  1.55402E-03 0.0045  1.69758E-03 0.0043  1.81267E-03 0.0042  2.18006E-03 0.0038
  1.63168E-03 0.0044  1.90218E-03 0.0041  2.13089E-03 0.0039  2.26401E-03 0.0038
  2.42857E-03 0.0036  2.49874E-03 0.0036  3.00286E-03 0.0033  2.76376E-03 0.0034
  2.83324E-03 0.0034  3.05278E-03 0.0033  3.26946E-03 0.0031  3.36642E-03 0.0031
  3.62385E-03 0.0030  3.77524E-03 0.0029  3.89246E-03 0.0029  4.29863E-03 0.0028
  4.63573E-03 0.0027  4.27740E-03 0.0028  4.76799E-03 0.0026  5.29363E-03 0.0025
  5.22975E-03 0.0025  5.15193E-03 0.0025  5.79559E-03 0.0024  6.08599E-03 0.0023
  6.31033E-03 0.0023  6.28123E-03 0.0023  6.48930E-03 0.0022  6.57559E-03 0.0022
  6.93637E-03 0.0022  7.27054E-03 0.0021  7.53609E-03 0.0021  7.74689E-03 0.0021
  7.87733E-03 0.0020  8.20989E-03 0.0020  8.40810E-03 0.0020  8.61832E-03 0.0020
  9.09850E-03 0.0019  9.12509E-03 0.0019  9.30041E-03 0.0019  9.23487E-03 0.0019
  9.64804E-03 0.0018  9.52524E-03 0.0019  9.39694E-03 0.0019  9.40384E-03 0.0019
  9.64440E-03 0.0018  9.55331E-03 0.0019  9.54644E-03 0.0019  9.60194E-03 0.0019
  9.46991E-03 0.0019  9.36350E-03 0.0019  9.14683E-03 0.0019  9.12689E-03 0.0019
  8.87646E-03 0.0019  8.90227E-03 0.0019  8.45679E-03 0.0020  8.15574E-03 0.0020
  8.02556E-03 0.0020  7.88596E-03 0.0020  7.55890E-03 0.0021  7.42460E-03 0.0021
  7.11337E-03 0.0022  6.95792E-03 0.0022  6.70394E-03 0.0022  6.47230E-03 0.0023
  6.25125E-03 0.0023  6.00199E-03 0.0023  5.82824E-03 0.0024  5.58815E-03 0.0024
  5.37721E-03 0.0025  5.08205E-03 0.0025  4.84454E-03 0.0026  4.62311E-03 0.0027
  4.48933E-03 0.0027  4.30352E-03 0.0028  4.08277E-03 0.0028  3.87730E-03 0.0029
  3.69829E-03 0.0030  3.33446E-03 0.0031  3.21226E-03 0.0032  3.02510E-03 0.0033
  2.88281E-03 0.0034  2.78838E-03 0.0034  2.57823E-03 0.0036  2.50558E-03 0.0036
  2.37561E-03 0.0037  2.25796E-03 0.0038  2.19924E-03 0.0039  2.05321E-03 0.0040
  2.01746E-03 0.0040  1.93346E-03 0.0041  1.86567E-03 0.0042  1.84047E-03 0.0042
  1.78350E-03 0.0043  1.78766E-03 0.0043  1.72959E-03 0.0044  1.67509E-03 0.0044
  1.69596E-03 0.0044  1.63015E-03 0.0045  1.61043E-03 0.0045  1.55851E-03 0.0046
  1.49466E-03 0.0047  1.52260E-03 0.0046  1.55740E-03 0.0046  1.58423E-03 0.0046
  1.67832E-03 0.0044  1.72537E-03 0.0044  1.72227E-03 0.0044  1.79958E-03 0.0043
  1.74425E-03 0.0043  1.94127E-03 0.0041  2.12386E-03 0.0039  2.19138E-03 0.0039
  4.30471E-03 0.0028  4.96009E-03 0.0026  9.41253E-02 0.0006  1.80700E-01 0.0004
  1.85425E-01 0.0004  6.78702E-02 0.0007  7.05885E-02 0.0007  3.48483E-02 0.0010
  9.29184E-05 0.0189  9.08243E-05 0.0191  2.25246E-05 0.0384  2.20589E-05 0.0388
  1.14737E-05 0.0538  1.22829E+00 0.0001
tfc   15       1       1       1       1       1       1     138       1
    2048000  1.22787E+00  2.50720E-04  5.31857E+06
    4096000  1.22797E+00  1.77374E-04  5.30290E+06
    6144000  1.22792E+00  1.44806E-04  5.29699E+06
    8192000  1.22790E+00  1.25406E-04  5.29717E+06
   10240000  1.22798E+00  1.12181E-04  5.26502E+06
   12288000  1.22810E+00  1.02421E-04  5.19481E+06
   14336000  1.22809E+00  0.00000E+00  1.00000E+30
   16384000  1.22811E+00  0.00000E+00  1.00000E+30
   18432000  1.22815E+00  0.00000E+00  1.00000E+30
   20480000  1.22817E+00  0.00000E+00  1.00000E+30
   22528000  1.22821E+00  0.00000E+00  1.00000E+30
   24576000  1.22824E+00  0.00000E+00  1.00000E+30
   26624000  1.22827E+00  0.00000E+00  1.00000E+30
   28672000  1.22830E+00  0.00000E+00  1.00000E+30
   30000000  1.22829E+00  0.00000E+00  1.00000E+30
tally   41                   -1    0    0
 0 1 0 0 0 0 0 0 0 0 0 0 0 0 0 0 0 0 0 0 0 0 0 0 0 0 0 0 0 0 0 0 0 0 0 0 0
f        1
      6
d        1
u        0
s        0
m        0
c        0
et      60
  3.00000E-01  4.00000E-01  5.00000E-01  6.00000E-01  7.00000E-01  8.00000E-01
  9.00000E-01  1.00000E+00  1.10000E+00  1.20000E+00  1.30000E+00  1.40000E+00
  1.50000E+00  1.60000E+00  1.70000E+00  1.80000E+00  1.90000E+00  2.00000E+00
  2.10000E+00  2.20000E+00  2.30000E+00  2.40000E+00  2.50000E+00  2.60000E+00
  2.70000E+00  2.80000E+00  2.90000E+00  3.00000E+00  3.10000E+00  3.20000E+00
  3.30000E+00  3.40000E+00  3.50000E+00  3.60000E+00  3.70000E+00  3.80000E+00
  3.90000E+00  4.00000E+00  4.10000E+00  4.20000E+00  4.30000E+00  4.40000E+00
  4.50000E+00  4.60000E+00  4.70000E+00  4.80000E+00  4.90000E+00  5.00000E+00
  5.50000E+00  6.00000E+00  6.50000E+00  7.00000E+00  7.50000E+00  8.00000E+00
  8.50000E+00  9.00000E+00  9.50000E+00  1.00000E+01  1.05000E+01
t        0
vals
  1.14023E-02 0.0020  9.33128E-03 0.0022  9.50576E-03 0.0021  1.43670E-02 0.0017
  9.74372E-03 0.0021  1.13954E-02 0.0019  1.21699E-02 0.0018  9.47990E-03 0.0021
  8.76712E-03 0.0022  9.32399E-03 0.0021  9.25570E-03 0.0021  7.50552E-03 0.0024
  7.79262E-03 0.0023  5.76542E-03 0.0027  5.45432E-03 0.0028  5.26856E-03 0.0028
  5.03284E-03 0.0029  4.24795E-03 0.0032  3.99368E-03 0.0033  3.67753E-03 0.0034
  3.39053E-03 0.0036  3.12642E-03 0.0037  2.84836E-03 0.0039  2.65189E-03 0.0040
  2.41454E-03 0.0042  2.25975E-03 0.0044  2.03321E-03 0.0046  1.87667E-03 0.0048
  1.71519E-03 0.0050  1.60641E-03 0.0052  1.49065E-03 0.0054  1.34327E-03 0.0057
  1.24119E-03 0.0059  1.14856E-03 0.0062  1.06183E-03 0.0064  9.91597E-04 0.0066
  8.89730E-04 0.0070  8.47486E-04 0.0072  7.98114E-04 0.0074  7.13471E-04 0.0078
  6.33926E-04 0.0083  5.71301E-04 0.0088  5.66732E-04 0.0088  4.95937E-04 0.0094
  4.47400E-04 0.0099  4.42262E-04 0.0099  3.71908E-04 0.0109  3.42254E-04 0.0113
  1.22683E-03 0.0060  7.37252E-04 0.0077  4.79116E-04 0.0096  3.22006E-04 0.0117
  2.37359E-04 0.0136  1.73623E-04 0.0159  1.29446E-04 0.0184  9.15183E-05 0.0220
  6.82140E-05 0.0258  4.82329E-05 0.0309  3.59094E-05 0.0358  2.05351E-01 0.0005
tfc   15       1       1       1       1       1       1      60       1
    2048000  2.04968E-01  1.81098E-03  1.01941E+05
    4096000  2.05056E-01  1.28218E-03  1.01484E+05
    6144000  2.05250E-01  1.04590E-03  1.01536E+05
    8192000  2.05126E-01  9.05949E-04  1.01502E+05
   10240000  2.05210E-01  8.10201E-04  1.00938E+05
   12288000  2.05269E-01  7.39461E-04  9.96595E+04
   14336000  2.05331E-01  6.84491E-04  9.89537E+04
   16384000  2.05289E-01  6.40302E-04  9.86239E+04
   18432000  2.05353E-01  6.03565E-04  9.86853E+04
   20480000  2.05316E-01  5.72606E-04  9.86474E+04
   22528000  2.05299E-01  5.46016E-04  9.88502E+04
   24576000  2.05279E-01  5.22879E-04  9.89807E+04
   26624000  2.05337E-01  5.02297E-04  9.90980E+04
   28672000  2.05360E-01  4.83974E-04  9.92252E+04
   30000000  2.05351E-01  4.73155E-04  9.93082E+04
