mcnp       6     11/11/11 02:08:25     4        10000000      6942498616
   Leakage from Cu (61cm dia) sphere 3-d surface tally                          
ntal     2
   21   41
tally   21                   -1    0    0
 1 0 0 0 0 0 0 0 0 0 0 0 0 0 0 0 0 0 0 0 0 0 0 0 0 0 0 0 0 0 0 0 0 0 0 0 0
f        1
      6
d        1
u        0
s        0
m        0
c        0
et     141
  7.95200E-02  8.27600E-02  8.61400E-02  8.96500E-02  9.33100E-02  9.71200E-02
  1.01090E-01  1.05210E-01  1.09500E-01  1.13970E-01  1.18620E-01  1.23470E-01
  1.28500E-01  1.33750E-01  1.39210E-01  1.44890E-01  1.50800E-01  1.56960E-01
  1.63360E-01  1.70030E-01  1.76970E-01  1.84190E-01  1.91710E-01  1.99530E-01
  2.07670E-01  2.16150E-01  2.24970E-01  2.34150E-01  2.43710E-01  2.53650E-01
  2.64000E-01  2.74780E-01  2.85990E-01  2.97660E-01  3.09810E-01  3.22450E-01
  3.35610E-01  3.49310E-01  3.63570E-01  3.78400E-01  3.93850E-01  4.09920E-01
  4.26650E-01  4.44060E-01  4.62180E-01  4.81050E-01  5.00680E-01  5.21110E-01
  5.42380E-01  5.64510E-01  5.87550E-01  6.11530E-01  6.36480E-01  6.62460E-01
  6.89500E-01  7.17630E-01  7.46920E-01  7.77400E-01  8.09130E-01  8.42150E-01
  8.76520E-01  9.12290E-01  9.49520E-01  9.88270E-01  1.02860E+00  1.07060E+00
  1.11430E+00  1.15980E+00  1.20710E+00  1.25630E+00  1.30760E+00  1.36100E+00
  1.41650E+00  1.47430E+00  1.53450E+00  1.59710E+00  1.66230E+00  1.73010E+00
  1.80080E+00  1.87420E+00  1.95070E+00  2.03030E+00  2.11320E+00  2.19940E+00
  2.28920E+00  2.38260E+00  2.47990E+00  2.58110E+00  2.68640E+00  2.79600E+00
  2.91010E+00  3.02890E+00  3.15250E+00  3.28120E+00  3.41510E+00  3.55450E+00
  3.69950E+00  3.85050E+00  4.00760E+00  4.17120E+00  4.34140E+00  4.51860E+00
  4.70300E+00  4.89490E+00  5.09470E+00  5.30260E+00  5.51900E+00  5.74430E+00
  5.97870E+00  6.22270E+00  6.47660E+00  6.74100E+00  7.01610E+00  7.30240E+00
  7.60040E+00  7.91060E+00  8.23340E+00  8.56940E+00  8.91920E+00  9.28320E+00
  9.66200E+00  1.00560E+01  1.04670E+01  1.08940E+01  1.13390E+01  1.18010E+01
  1.22830E+01  1.27840E+01  1.33060E+01  1.38490E+01  1.44140E+01  1.50020E+01
  1.56150E+01  1.62520E+01  1.69150E+01  1.76050E+01  1.83240E+01  1.90720E+01
  1.98500E+01  2.06600E+01
t        0
vals
  1.60470E-01 0.0006  6.06614E-03 0.0036  3.31623E-03 0.0049  6.36523E-03 0.0035
  5.27123E-03 0.0039  5.62071E-03 0.0038  6.47034E-03 0.0035  6.61959E-03 0.0035
  6.30139E-03 0.0036  6.70602E-03 0.0035  9.59423E-03 0.0029  1.15293E-02 0.0027
  7.74918E-03 0.0033  1.00049E-02 0.0029  9.50478E-03 0.0030  5.02553E-03 0.0041
  8.89129E-03 0.0031  8.74566E-03 0.0031  1.06582E-02 0.0028  1.09697E-02 0.0028
  1.00334E-02 0.0029  1.39996E-02 0.0025  1.07231E-02 0.0028  8.51711E-03 0.0032
  9.85326E-03 0.0030  1.23352E-02 0.0026  1.14557E-02 0.0027  1.24584E-02 0.0026
  1.21092E-02 0.0027  9.77778E-03 0.0030  1.31926E-02 0.0026  1.64199E-02 0.0023
  1.28036E-02 0.0026  1.25550E-02 0.0026  1.29427E-02 0.0026  1.42490E-02 0.0025
  1.44586E-02 0.0025  1.63538E-02 0.0023  1.67779E-02 0.0023  1.58984E-02 0.0024
  1.69935E-02 0.0023  1.57770E-02 0.0024  1.62588E-02 0.0023  1.56441E-02 0.0024
  1.47773E-02 0.0025  1.46448E-02 0.0025  1.50146E-02 0.0024  1.59301E-02 0.0024
  1.60350E-02 0.0024  1.61019E-02 0.0024  1.63820E-02 0.0023  1.75645E-02 0.0023
  1.61577E-02 0.0024  1.66846E-02 0.0023  1.64549E-02 0.0023  1.67343E-02 0.0023
  1.44447E-02 0.0025  1.48567E-02 0.0025  1.29463E-02 0.0026  1.25052E-02 0.0027
  1.27043E-02 0.0027  1.20017E-02 0.0028  1.11367E-02 0.0029  1.03181E-02 0.0030
  9.26654E-03 0.0031  8.74321E-03 0.0032  9.12984E-03 0.0032  8.43063E-03 0.0033
  8.17326E-03 0.0033  7.51468E-03 0.0035  7.09633E-03 0.0036  6.76812E-03 0.0037
  6.43776E-03 0.0038  5.80988E-03 0.0040  5.54466E-03 0.0041  5.12270E-03 0.0042
  4.84711E-03 0.0044  4.62414E-03 0.0045  4.36452E-03 0.0046  4.11233E-03 0.0047
  3.83557E-03 0.0049  3.65997E-03 0.0050  3.40783E-03 0.0052  3.23703E-03 0.0053
  2.99095E-03 0.0055  2.83487E-03 0.0057  2.62094E-03 0.0059  2.51102E-03 0.0060
  2.38515E-03 0.0062  2.24489E-03 0.0064  2.10813E-03 0.0066  2.02937E-03 0.0067
  1.87009E-03 0.0070  1.73506E-03 0.0073  1.66514E-03 0.0074  1.56528E-03 0.0076
  1.51203E-03 0.0078  1.42709E-03 0.0080  1.34581E-03 0.0082  1.28690E-03 0.0084
  1.20878E-03 0.0087  1.16677E-03 0.0088  1.11802E-03 0.0090  1.06856E-03 0.0092
  1.01550E-03 0.0094  9.94207E-04 0.0095  9.66077E-04 0.0097  9.54558E-04 0.0097
  9.12523E-04 0.0099  8.93189E-04 0.0100  8.97316E-04 0.0100  8.83785E-04 0.0101
  8.68626E-04 0.0102  8.62589E-04 0.0102  8.28568E-04 0.0104  8.19349E-04 0.0105
  8.01926E-04 0.0106  8.22665E-04 0.0104  8.08142E-04 0.0105  8.13447E-04 0.0105
  8.22676E-04 0.0104  8.71853E-04 0.0101  9.47898E-04 0.0097  1.03129E-03 0.0093
  1.15623E-03 0.0088  1.13021E-03 0.0089  1.40623E-03 0.0080  2.10105E-03 0.0066
  2.81551E-03 0.0057  1.48737E-02 0.0025  2.31920E-02 0.0020  2.21792E-02 0.0020
  8.82911E-03 0.0033  8.84125E-03 0.0033  3.71165E-03 0.0051  1.17997E-05 0.0902
  1.20147E-05 0.0898  3.36020E-06 0.1691  3.66026E-06 0.1623  1.74468E-06 0.2358
  1.18577E+00 0.0001
tfc   20       1       1       1       1       1       1     141       1
     512000  1.18598E+00  5.13542E-04  5.25860E+05
    1024000  1.18579E+00  3.63176E-04  5.20634E+05
    1536000  1.18573E+00  2.96494E-04  5.19213E+05
    2048000  1.18583E+00  2.56773E-04  5.14649E+05
    2560000  1.18587E+00  2.29644E-04  5.14254E+05
    3072000  1.18570E+00  2.09643E-04  5.14619E+05
    3584000  1.18564E+00  1.94104E-04  5.11134E+05
    4096000  1.18561E+00  1.81569E-04  5.10497E+05
    4608000  1.18564E+00  1.71196E-04  5.09899E+05
    5120000  1.18565E+00  1.62410E-04  5.10069E+05
    5632000  1.18558E+00  1.54867E-04  5.06512E+05
    6144000  1.18559E+00  1.48274E-04  5.04721E+05
    6656000  1.18569E+00  1.42463E-04  5.02971E+05
    7168000  1.18567E+00  1.37275E-04  5.01605E+05
    7680000  1.18563E+00  1.32614E-04  4.99896E+05
    8192000  1.18570E+00  1.28392E-04  4.98322E+05
    8704000  1.18579E+00  1.24552E-04  4.98426E+05
    9216000  1.18578E+00  1.21049E-04  4.98415E+05
    9728000  1.18577E+00  1.17815E-04  4.99201E+05
   10000000  1.18577E+00  1.16205E-04  4.99405E+05
tally   41                   -1    0    0
 0 1 0 0 0 0 0 0 0 0 0 0 0 0 0 0 0 0 0 0 0 0 0 0 0 0 0 0 0 0 0 0 0 0 0 0 0
f        1
      6
d        1
u        0
s        0
m        0
c        0
et      50
  5.00000E-01  6.00000E-01  7.00000E-01  8.00000E-01  9.00000E-01  1.00000E+00
  1.10000E+00  1.20000E+00  1.30000E+00  1.40000E+00  1.50000E+00  1.60000E+00
  1.70000E+00  1.80000E+00  1.90000E+00  2.00000E+00  2.10000E+00  2.20000E+00
  2.30000E+00  2.40000E+00  2.50000E+00  2.60000E+00  2.70000E+00  2.80000E+00
  2.90000E+00  3.00000E+00  3.10000E+00  3.20000E+00  3.30000E+00  3.40000E+00
  3.50000E+00  3.60000E+00  3.70000E+00  3.80000E+00  3.90000E+00  4.00000E+00
  4.50000E+00  5.00000E+00  5.50000E+00  6.00000E+00  6.50000E+00  7.00000E+00
  7.50000E+00  8.00000E+00  8.50000E+00  9.00000E+00  9.50000E+00  1.00000E+01
  1.05000E+01
t        0
vals
  6.70119E-02 0.0014  1.42811E-02 0.0028  1.08372E-02 0.0032  8.89849E-03 0.0036
  9.65266E-03 0.0034  9.18704E-03 0.0035  5.69733E-03 0.0046  6.67710E-03 0.0042
  5.23131E-03 0.0048  5.42521E-03 0.0046  5.02142E-03 0.0048  3.25761E-03 0.0060
  2.68439E-03 0.0066  2.45991E-03 0.0069  2.39547E-03 0.0070  1.91757E-03 0.0078
  2.16614E-03 0.0073  1.74564E-03 0.0082  1.63750E-03 0.0085  1.58945E-03 0.0086
  1.47246E-03 0.0089  1.45564E-03 0.0089  1.29228E-03 0.0095  1.23410E-03 0.0097
  1.17719E-03 0.0100  1.14549E-03 0.0101  1.12761E-03 0.0102  1.06867E-03 0.0104
  1.02535E-03 0.0107  9.72557E-04 0.0110  9.33678E-04 0.0112  8.73898E-04 0.0116
  8.45751E-04 0.0118  7.99300E-04 0.0121  7.38190E-04 0.0126  7.08256E-04 0.0128
  2.98466E-03 0.0063  2.14406E-03 0.0074  1.65171E-03 0.0084  1.27573E-03 0.0095
  1.07656E-03 0.0103  8.56883E-04 0.0114  1.19792E-03 0.0094  1.86361E-03 0.0074
  5.93122E-04 0.0132  1.70397E-04 0.0253  6.51224E-05 0.0426  3.28463E-05 0.0616
  1.80410E-05 0.0839  1.98575E-01 0.0008
tfc   20       1       1       1       1       1       1      50       1
     512000  1.99179E-01  3.69520E-03  1.01565E+04
    1024000  1.98516E-01  2.60949E-03  1.00845E+04
    1536000  1.98280E-01  2.13136E-03  1.00477E+04
    2048000  1.98330E-01  1.84510E-03  9.96711E+03
    2560000  1.98173E-01  1.65013E-03  9.95981E+03
    3072000  1.98311E-01  1.50626E-03  9.96889E+03
    3584000  1.98178E-01  1.39493E-03  9.89687E+03
    4096000  1.98470E-01  1.30420E-03  9.89447E+03
    4608000  1.98423E-01  1.22980E-03  9.88096E+03
    5120000  1.98474E-01  1.16656E-03  9.88644E+03
    5632000  1.98419E-01  1.11258E-03  9.81399E+03
    6144000  1.98369E-01  1.06541E-03  9.77578E+03
    6656000  1.98331E-01  1.02356E-03  9.74354E+03
    7168000  1.98406E-01  9.86325E-04  9.71635E+03
    7680000  1.98415E-01  9.52884E-04  9.68223E+03
    8192000  1.98427E-01  9.22586E-04  9.65100E+03
    8704000  1.98534E-01  8.94903E-04  9.65499E+03
    9216000  1.98577E-01  8.69502E-04  9.65993E+03
    9728000  1.98539E-01  8.46318E-04  9.67402E+03
   10000000  1.98575E-01  8.34707E-04  9.67906E+03
