mcnp       6     11/11/11 22:07:55     7       100000000     20452382554
   Leakage from Zr (61cm dia) sphere 3-d surface tally                          
ntal     1
   21
tally   21                   -1    0    0
 1 0 0 0 0 0 0 0 0 0 0 0 0 0 0 0 0 0 0 0 0 0 0 0 0 0 0 0 0 0 0 0 0 0 0 0 0
f        1
      6
d        1
u        0
s        0
m        0
c        0
et     153
  4.92000E-02  5.12100E-02  5.33000E-02  5.54800E-02  5.77400E-02  6.01000E-02
  6.25500E-02  6.51000E-02  6.77600E-02  7.05300E-02  7.34000E-02  7.64000E-02
  7.95200E-02  8.27600E-02  8.61400E-02  8.96500E-02  9.33100E-02  9.71200E-02
  1.01090E-01  1.05210E-01  1.09500E-01  1.13970E-01  1.18620E-01  1.23470E-01
  1.28500E-01  1.33750E-01  1.39210E-01  1.44890E-01  1.50800E-01  1.56960E-01
  1.63360E-01  1.70030E-01  1.76970E-01  1.84190E-01  1.91710E-01  1.99530E-01
  2.07670E-01  2.16150E-01  2.24970E-01  2.34150E-01  2.43710E-01  2.53650E-01
  2.64000E-01  2.74780E-01  2.85990E-01  2.97660E-01  3.09810E-01  3.22450E-01
  3.35610E-01  3.49310E-01  3.63570E-01  3.78400E-01  3.93850E-01  4.09920E-01
  4.26650E-01  4.44060E-01  4.62180E-01  4.81050E-01  5.00680E-01  5.21110E-01
  5.42380E-01  5.64510E-01  5.87550E-01  6.11530E-01  6.36480E-01  6.62460E-01
  6.89500E-01  7.17630E-01  7.46920E-01  7.77400E-01  8.09130E-01  8.42150E-01
  8.76520E-01  9.12290E-01  9.49520E-01  9.88270E-01  1.02860E+00  1.07060E+00
  1.11430E+00  1.15980E+00  1.20710E+00  1.25630E+00  1.30760E+00  1.36100E+00
  1.41650E+00  1.47430E+00  1.53450E+00  1.59710E+00  1.66230E+00  1.73010E+00
  1.80080E+00  1.87420E+00  1.95070E+00  2.03030E+00  2.11320E+00  2.19940E+00
  2.28920E+00  2.38260E+00  2.47990E+00  2.58110E+00  2.68640E+00  2.79600E+00
  2.91010E+00  3.02890E+00  3.15250E+00  3.28120E+00  3.41510E+00  3.55450E+00
  3.69950E+00  3.85050E+00  4.00760E+00  4.17120E+00  4.34140E+00  4.51860E+00
  4.70300E+00  4.89490E+00  5.09470E+00  5.30260E+00  5.51900E+00  5.74430E+00
  5.97870E+00  6.22270E+00  6.47660E+00  6.74100E+00  7.01610E+00  7.30240E+00
  7.60040E+00  7.91060E+00  8.23340E+00  8.56940E+00  8.91920E+00  9.28320E+00
  9.66200E+00  1.00560E+01  1.04670E+01  1.08940E+01  1.13390E+01  1.18010E+01
  1.22830E+01  1.27840E+01  1.33060E+01  1.38490E+01  1.44140E+01  1.50020E+01
  1.56150E+01  1.62520E+01  1.69150E+01  1.76050E+01  1.83240E+01  1.90720E+01
  1.98500E+01  2.06600E+01
t        0
vals
  1.12275E-02 0.0009  7.17224E-04 0.0037  7.73604E-04 0.0035  8.39150E-04 0.0034
  8.81942E-04 0.0033  1.08211E-03 0.0030  1.24569E-03 0.0028  1.03683E-03 0.0030
  1.28042E-03 0.0027  2.23053E-03 0.0021  1.47868E-03 0.0026  1.01128E-03 0.0031
  1.81444E-03 0.0023  1.97297E-03 0.0022  1.36129E-03 0.0027  1.81566E-03 0.0023
  2.30279E-03 0.0020  2.18359E-03 0.0021  2.14110E-03 0.0021  2.28422E-03 0.0021
  2.62993E-03 0.0019  2.99256E-03 0.0018  3.24177E-03 0.0017  3.64982E-03 0.0016
  4.06795E-03 0.0015  4.16055E-03 0.0015  5.39733E-03 0.0013  3.72683E-03 0.0016
  4.18784E-03 0.0015  3.41468E-03 0.0017  4.76454E-03 0.0014  4.07493E-03 0.0015
  4.98356E-03 0.0014  6.11021E-03 0.0013  5.13308E-03 0.0014  5.25273E-03 0.0014
  5.78237E-03 0.0013  6.19033E-03 0.0012  6.40535E-03 0.0012  6.88638E-03 0.0012
  7.15926E-03 0.0012  7.20129E-03 0.0012  8.05171E-03 0.0011  9.04348E-03 0.0010
  7.80655E-03 0.0011  9.19600E-03 0.0010  1.03710E-02 0.0010  1.01001E-02 0.0010
  9.54570E-03 0.0010  1.10921E-02 0.0009  1.18655E-02 0.0009  1.20182E-02 0.0009
  1.15565E-02 0.0009  1.14003E-02 0.0009  1.11672E-02 0.0009  1.20193E-02 0.0009
  1.24253E-02 0.0009  1.27226E-02 0.0009  1.32094E-02 0.0009  1.32042E-02 0.0009
  1.39350E-02 0.0008  1.42046E-02 0.0008  1.43791E-02 0.0008  1.56311E-02 0.0008
  1.50866E-02 0.0008  1.54258E-02 0.0008  1.48642E-02 0.0008  1.55735E-02 0.0008
  1.46630E-02 0.0008  1.40521E-02 0.0008  1.39683E-02 0.0008  1.43599E-02 0.0008
  1.41688E-02 0.0008  1.42482E-02 0.0008  1.42961E-02 0.0008  1.39662E-02 0.0008
  1.38902E-02 0.0008  1.35369E-02 0.0008  1.38150E-02 0.0008  1.34337E-02 0.0009
  1.36473E-02 0.0008  1.29987E-02 0.0009  1.26641E-02 0.0009  1.26346E-02 0.0009
  1.26267E-02 0.0009  1.21016E-02 0.0009  1.22322E-02 0.0009  1.17948E-02 0.0009
  1.16111E-02 0.0009  1.13258E-02 0.0009  1.09405E-02 0.0009  1.04860E-02 0.0010
  9.83633E-03 0.0010  9.48934E-03 0.0010  8.88959E-03 0.0010  8.31209E-03 0.0011
  7.60618E-03 0.0011  7.01669E-03 0.0012  6.49970E-03 0.0012  6.19480E-03 0.0013
  5.96139E-03 0.0013  5.76957E-03 0.0013  5.52441E-03 0.0013  5.20137E-03 0.0014
  4.63718E-03 0.0014  4.35282E-03 0.0015  4.07554E-03 0.0015  3.84245E-03 0.0016
  3.62751E-03 0.0016  3.36225E-03 0.0017  3.16751E-03 0.0018  3.00645E-03 0.0018
  2.86941E-03 0.0018  2.72842E-03 0.0019  2.59689E-03 0.0019  2.49213E-03 0.0020
  2.36914E-03 0.0020  2.27459E-03 0.0021  2.20185E-03 0.0021  2.12897E-03 0.0021
  2.06571E-03 0.0022  1.99683E-03 0.0022  1.92978E-03 0.0022  1.89923E-03 0.0023
  1.84789E-03 0.0023  1.83100E-03 0.0023  1.81008E-03 0.0023  1.77371E-03 0.0023
  1.77271E-03 0.0023  1.75850E-03 0.0023  1.78250E-03 0.0023  1.88796E-03 0.0023
  2.01515E-03 0.0022  2.10051E-03 0.0021  2.26386E-03 0.0021  2.52514E-03 0.0020
  2.91266E-03 0.0018  3.53044E-03 0.0017  3.91999E-03 0.0016  7.56220E-03 0.0011
  8.27754E-03 0.0011  4.93394E-02 0.0004  8.48943E-02 0.0003  8.52920E-02 0.0003
  4.84101E-02 0.0004  4.92931E-02 0.0004  2.29886E-02 0.0006  1.17533E-04 0.0092
  1.19077E-04 0.0091  5.63693E-05 0.0132  5.66474E-05 0.0132  2.77934E-05 0.0189
  1.31054E+00 0.0000
tfc   13       1       1       1       1       1       1     153       1
    8192000  1.31033E+00  1.23126E-04  2.60027E+06
   16384000  1.31041E+00  0.00000E+00  1.00000E+30
   24576000  1.31055E+00  0.00000E+00  1.00000E+30
   32768000  1.31061E+00  0.00000E+00  1.00000E+30
   40960000  1.31061E+00  0.00000E+00  1.00000E+30
   49152000  1.31060E+00  0.00000E+00  1.00000E+30
   57344000  1.31055E+00  0.00000E+00  1.00000E+30
   65536000  1.31054E+00  0.00000E+00  1.00000E+30
   73728000  1.31054E+00  0.00000E+00  1.00000E+30
   81920000  1.31052E+00  0.00000E+00  1.00000E+30
   90112000  1.31053E+00  0.00000E+00  1.00000E+30
   98304000  1.31056E+00  0.00000E+00  1.00000E+30
  100000000  1.31054E+00  0.00000E+00  1.00000E+30
