mcnp       6     11/10/11 23:00:02     5       100000000     10487845393
   Leakage from Cr (40cm dia) sphere 3-d surface tally                          
ntal     2
   21   41
tally   21                   -1    0    0
 1 0 0 0 0 0 0 0 0 0 0 0 0 0 0 0 0 0 0 0 0 0 0 0 0 0 0 0 0 0 0 0 0 0 0 0 0
f        1
      6
d        1
u        0
s        0
m        0
c        0
et     178
  1.03120E-01  1.06260E-01  1.09500E-01  1.12830E-01  1.16270E-01  1.19810E-01
  1.23460E-01  1.27220E-01  1.31090E-01  1.35090E-01  1.39200E-01  1.43440E-01
  1.47810E-01  1.52310E-01  1.56950E-01  1.61730E-01  1.66650E-01  1.71730E-01
  1.76960E-01  1.82350E-01  1.87900E-01  1.93620E-01  1.99520E-01  2.05600E-01
  2.11860E-01  2.18310E-01  2.24960E-01  2.31810E-01  2.38870E-01  2.46140E-01
  2.53640E-01  2.61370E-01  2.69320E-01  2.77530E-01  2.85980E-01  2.94690E-01
  3.03660E-01  3.12910E-01  3.22440E-01  3.32260E-01  3.42380E-01  3.52810E-01
  3.63550E-01  3.74620E-01  3.86030E-01  3.97790E-01  4.09900E-01  4.22380E-01
  4.35250E-01  4.48500E-01  4.62160E-01  4.76240E-01  4.90740E-01  5.05690E-01
  5.21090E-01  5.36960E-01  5.53310E-01  5.70160E-01  5.87520E-01  6.05420E-01
  6.23850E-01  6.42850E-01  6.62430E-01  6.82600E-01  7.03390E-01  7.24810E-01
  7.46890E-01  7.69630E-01  7.93070E-01  8.17230E-01  8.42110E-01  8.67760E-01
  8.94190E-01  9.21420E-01  9.49480E-01  9.78400E-01  1.00820E+00  1.03890E+00
  1.07050E+00  1.10310E+00  1.13670E+00  1.17140E+00  1.20700E+00  1.24380E+00
  1.28170E+00  1.32070E+00  1.36090E+00  1.40240E+00  1.44510E+00  1.48910E+00
  1.53440E+00  1.58120E+00  1.62930E+00  1.67890E+00  1.73010E+00  1.78280E+00
  1.83710E+00  1.89300E+00  1.95060E+00  2.01010E+00  2.07130E+00  2.13430E+00
  2.19930E+00  2.26630E+00  2.33530E+00  2.40650E+00  2.47980E+00  2.55530E+00
  2.63310E+00  2.71330E+00  2.79590E+00  2.88110E+00  2.96880E+00  3.05920E+00
  3.15240E+00  3.24840E+00  3.34730E+00  3.44930E+00  3.55430E+00  3.66250E+00
  3.77410E+00  3.88900E+00  4.00750E+00  4.12950E+00  4.25530E+00  4.38490E+00
  4.51840E+00  4.65600E+00  4.79780E+00  4.94390E+00  5.09450E+00  5.24960E+00
  5.40950E+00  5.57420E+00  5.74400E+00  5.91890E+00  6.09920E+00  6.28490E+00
  6.47640E+00  6.67360E+00  6.87680E+00  7.08630E+00  7.30210E+00  7.52440E+00
  7.75360E+00  7.98970E+00  8.23310E+00  8.48380E+00  8.74220E+00  9.00840E+00
  9.28270E+00  9.56540E+00  9.85670E+00  1.01570E+01  1.04660E+01  1.07850E+01
  1.11130E+01  1.14520E+01  1.18010E+01  1.21600E+01  1.25300E+01  1.29120E+01
  1.33050E+01  1.37100E+01  1.41280E+01  1.45580E+01  1.50020E+01  1.54580E+01
  1.59290E+01  1.64140E+01  1.69140E+01  1.74290E+01  1.79600E+01  1.85070E+01
  1.90710E+01  1.96520E+01  2.02500E+01
t        0
vals
  1.98589E-02 0.0007  3.53867E-04 0.0052  4.34768E-04 0.0047  7.12424E-04 0.0036
  1.17986E-03 0.0028  1.59633E-03 0.0024  1.23744E-03 0.0028  1.09182E-03 0.0029
  1.35759E-03 0.0026  3.11083E-03 0.0017  2.44669E-03 0.0020  2.25723E-04 0.0064
  3.13568E-04 0.0054  5.26756E-04 0.0042  7.07607E-04 0.0036  6.93351E-04 0.0037
  8.24715E-04 0.0034  1.00953E-03 0.0030  1.01127E-03 0.0030  1.18840E-03 0.0028
  1.11685E-03 0.0029  1.01667E-03 0.0030  1.21861E-03 0.0028  1.37570E-03 0.0026
  1.55463E-03 0.0025  1.77552E-03 0.0023  1.64360E-03 0.0024  1.78664E-03 0.0023
  1.20116E-03 0.0028  1.69245E-03 0.0023  1.13964E-03 0.0029  1.81475E-03 0.0023
  2.26000E-03 0.0020  2.43873E-03 0.0020  1.89209E-03 0.0022  2.42075E-03 0.0020
  2.92916E-03 0.0018  3.30749E-03 0.0017  4.18850E-03 0.0015  1.50124E-03 0.0025
  1.97138E-03 0.0022  3.35662E-03 0.0017  4.51936E-03 0.0014  2.19926E-03 0.0021
  4.63760E-03 0.0014  6.23789E-03 0.0012  2.30871E-03 0.0020  2.57416E-03 0.0019
  2.07431E-03 0.0021  3.14779E-03 0.0017  6.65612E-03 0.0012  2.29046E-03 0.0020
  2.47002E-03 0.0019  3.08592E-03 0.0017  4.14860E-03 0.0015  5.30000E-03 0.0013
  3.07598E-03 0.0017  4.02935E-03 0.0015  4.95841E-03 0.0014  8.07130E-03 0.0011
  4.58502E-03 0.0014  3.04047E-03 0.0018  4.39625E-03 0.0015  5.44796E-03 0.0013
  8.18132E-03 0.0011  6.58276E-03 0.0012  6.67187E-03 0.0012  4.69779E-03 0.0014
  7.01808E-03 0.0012  4.90832E-03 0.0014  6.22881E-03 0.0012  7.12766E-03 0.0011
  5.82549E-03 0.0013  4.73378E-03 0.0014  7.44696E-03 0.0011  6.31696E-03 0.0012
  5.81469E-03 0.0013  7.62460E-03 0.0011  6.76974E-03 0.0012  6.15514E-03 0.0012
  6.30715E-03 0.0012  7.65654E-03 0.0011  9.36082E-03 0.0010  6.32962E-03 0.0012
  5.91128E-03 0.0013  6.52930E-03 0.0012  6.41142E-03 0.0012  8.60233E-03 0.0010
  6.20544E-03 0.0012  4.77066E-03 0.0014  6.10812E-03 0.0012  5.45499E-03 0.0013
  5.79510E-03 0.0013  5.25075E-03 0.0013  6.33626E-03 0.0012  5.35414E-03 0.0013
  5.64625E-03 0.0013  5.52492E-03 0.0013  5.50464E-03 0.0013  5.96348E-03 0.0012
  5.03767E-03 0.0014  5.10034E-03 0.0014  4.80336E-03 0.0014  4.69760E-03 0.0014
  4.60150E-03 0.0014  4.92887E-03 0.0014  4.03089E-03 0.0015  4.20022E-03 0.0015
  3.85958E-03 0.0016  3.60163E-03 0.0016  3.56082E-03 0.0016  3.39946E-03 0.0017
  3.44271E-03 0.0016  3.37084E-03 0.0017  3.25803E-03 0.0017  3.17468E-03 0.0017
  3.07491E-03 0.0017  3.14416E-03 0.0017  2.82253E-03 0.0018  3.11560E-03 0.0017
  2.92957E-03 0.0018  2.99588E-03 0.0018  2.92843E-03 0.0018  2.86428E-03 0.0018
  2.87849E-03 0.0018  2.83756E-03 0.0018  2.72242E-03 0.0018  2.71665E-03 0.0018
  2.63089E-03 0.0019  2.57018E-03 0.0019  2.55548E-03 0.0019  2.48817E-03 0.0019
  2.40887E-03 0.0020  2.38251E-03 0.0020  2.32869E-03 0.0020  2.31845E-03 0.0020
  2.27774E-03 0.0020  2.21617E-03 0.0020  2.18769E-03 0.0021  2.13922E-03 0.0021
  2.10153E-03 0.0021  2.04605E-03 0.0021  2.01462E-03 0.0021  1.97820E-03 0.0022
  1.94530E-03 0.0022  1.92697E-03 0.0022  1.93703E-03 0.0022  1.93019E-03 0.0022
  1.98913E-03 0.0022  2.00892E-03 0.0021  2.06174E-03 0.0021  2.15169E-03 0.0021
  2.11919E-03 0.0021  2.20333E-03 0.0021  1.98095E-03 0.0022  2.04660E-03 0.0021
  2.08971E-03 0.0021  2.29605E-03 0.0020  2.81282E-03 0.0018  3.05982E-03 0.0018
  5.39598E-03 0.0013  6.32852E-03 0.0012  1.66312E-02 0.0008  2.26006E-02 0.0006
  7.34031E-02 0.0003  1.61328E-01 0.0002  1.59702E-01 0.0002  2.41925E-02 0.0006
  2.42130E-02 0.0006  7.93232E-03 0.0011  4.20573E-04 0.0048  3.10052E-04 0.0056
  1.02875E-04 0.0098  9.99755E-05 0.0099  1.44372E-05 0.0261  1.51618E-05 0.0255
  1.12315E-05 0.0296  1.07387E+00 0.0000
tfc   13       1       1       1       1       1       1     178       1
    8192000  1.07383E+00  1.03005E-04  5.78679E+06
   16384000  1.07393E+00  0.00000E+00  1.00000E+30
   24576000  1.07391E+00  0.00000E+00  1.00000E+30
   32768000  1.07389E+00  0.00000E+00  1.00000E+30
   40960000  1.07389E+00  0.00000E+00  1.00000E+30
   49152000  1.07390E+00  0.00000E+00  1.00000E+30
   57344000  1.07389E+00  0.00000E+00  1.00000E+30
   65536000  1.07387E+00  0.00000E+00  1.00000E+30
   73728000  1.07387E+00  0.00000E+00  1.00000E+30
   81920000  1.07386E+00  0.00000E+00  1.00000E+30
   90112000  1.07386E+00  0.00000E+00  1.00000E+30
   98304000  1.07386E+00  0.00000E+00  1.00000E+30
  100000000  1.07387E+00  0.00000E+00  1.00000E+30
tally   41                   -1    0    0
 0 1 0 0 0 0 0 0 0 0 0 0 0 0 0 0 0 0 0 0 0 0 0 0 0 0 0 0 0 0 0 0 0 0 0 0 0
f        1
      6
d        1
u        0
s        0
m        0
c        0
et      60
  3.00000E-01  4.00000E-01  5.00000E-01  6.00000E-01  7.00000E-01  8.00000E-01
  9.00000E-01  1.00000E+00  1.10000E+00  1.20000E+00  1.30000E+00  1.40000E+00
  1.50000E+00  1.60000E+00  1.70000E+00  1.80000E+00  1.90000E+00  2.00000E+00
  2.10000E+00  2.20000E+00  2.30000E+00  2.40000E+00  2.50000E+00  2.60000E+00
  2.70000E+00  2.80000E+00  2.90000E+00  3.00000E+00  3.10000E+00  3.20000E+00
  3.30000E+00  3.40000E+00  3.50000E+00  3.60000E+00  3.70000E+00  3.80000E+00
  3.90000E+00  4.00000E+00  4.10000E+00  4.20000E+00  4.30000E+00  4.40000E+00
  4.50000E+00  4.60000E+00  4.70000E+00  4.80000E+00  4.90000E+00  5.00000E+00
  5.50000E+00  6.00000E+00  6.50000E+00  7.00000E+00  7.50000E+00  8.00000E+00
  8.50000E+00  9.00000E+00  9.50000E+00  1.00000E+01  1.05000E+01
t        0
vals
  1.04593E-01 0.0003  4.17180E-02 0.0005  3.39017E-02 0.0006  3.87518E-02 0.0005
  2.31177E-02 0.0007  2.65630E-02 0.0007  2.05785E-02 0.0007  2.28250E-02 0.0007
  1.39721E-02 0.0009  1.24190E-02 0.0010  1.53761E-02 0.0009  1.83035E-02 0.0008
  5.53757E-02 0.0005  6.60337E-03 0.0013  4.98593E-03 0.0015  5.85885E-03 0.0014
  3.78207E-03 0.0017  3.82937E-03 0.0017  3.99979E-03 0.0017  3.41240E-03 0.0018
  3.78654E-03 0.0017  5.01042E-03 0.0015  2.93807E-03 0.0020  2.91990E-03 0.0020
  2.95452E-03 0.0020  2.92857E-03 0.0020  2.76810E-03 0.0020  2.78428E-03 0.0020
  2.66641E-03 0.0021  3.86698E-03 0.0017  2.64057E-03 0.0021  2.62864E-03 0.0021
  2.49774E-03 0.0021  2.51314E-03 0.0021  2.66186E-03 0.0021  4.76859E-03 0.0015
  2.35265E-03 0.0022  3.77411E-03 0.0017  4.56257E-03 0.0016  2.11814E-03 0.0023
  2.06053E-03 0.0024  1.96606E-03 0.0024  3.67796E-03 0.0018  1.80225E-03 0.0025
  1.99743E-03 0.0024  3.93268E-03 0.0017  2.04617E-03 0.0024  1.59809E-03 0.0027
  7.42924E-03 0.0012  6.24785E-03 0.0014  5.20518E-03 0.0015  4.31476E-03 0.0016
  3.58782E-03 0.0018  2.94423E-03 0.0020  2.39463E-03 0.0022  1.82022E-03 0.0025
  1.34995E-03 0.0029  9.24967E-04 0.0035  6.15146E-04 0.0043  5.79024E-01 0.0002
tfc   13       1       1       1       1       1       1      60       1
    8192000  5.79148E-01  5.28499E-04  2.19819E+05
   16384000  5.79092E-01  3.73703E-04  2.22282E+05
   24576000  5.79112E-01  3.05092E-04  2.25499E+05
   32768000  5.79195E-01  2.64195E-04  2.27817E+05
   40960000  5.79041E-01  2.36359E-04  2.29256E+05
   49152000  5.78997E-01  2.15767E-04  2.29766E+05
   57344000  5.79023E-01  1.99764E-04  2.30138E+05
   65536000  5.79031E-01  1.86866E-04  2.30918E+05
   73728000  5.79047E-01  1.76178E-04  2.31476E+05
   81920000  5.79061E-01  1.67140E-04  2.31669E+05
   90112000  5.79067E-01  1.59367E-04  2.31863E+05
   98304000  5.79032E-01  1.52576E-04  2.32082E+05
  100000000  5.79024E-01  1.51280E-04  2.32100E+05
