mcnp       6     12/17/11 05:13:04    10       100000000     38909107716
   Leakage from LiF (61cm dia) sphere 3-d surface tally                         
ntal     2
   21   41
tally   21                   -1    0    0
 1 0 0 0 0 0 0 0 0 0 0 0 0 0 0 0 0 0 0 0 0 0 0 0 0 0 0 0 0 0 0 0 0 0 0 0 0
f        1
      6
d        1
u        0
s        0
m        0
c        0
et     135
  1.01090E-01  1.05210E-01  1.09500E-01  1.13970E-01  1.18620E-01  1.23470E-01
  1.28500E-01  1.33750E-01  1.39210E-01  1.44890E-01  1.50800E-01  1.56960E-01
  1.63360E-01  1.70030E-01  1.76970E-01  1.84190E-01  1.91710E-01  1.99530E-01
  2.07670E-01  2.16150E-01  2.24970E-01  2.34150E-01  2.43710E-01  2.53650E-01
  2.64000E-01  2.74780E-01  2.85990E-01  2.97660E-01  3.09810E-01  3.22450E-01
  3.35610E-01  3.49310E-01  3.63570E-01  3.78400E-01  3.93850E-01  4.09920E-01
  4.26650E-01  4.44060E-01  4.62180E-01  4.81050E-01  5.00680E-01  5.21110E-01
  5.42380E-01  5.64510E-01  5.87550E-01  6.11530E-01  6.36480E-01  6.62460E-01
  6.89500E-01  7.17630E-01  7.46920E-01  7.77400E-01  8.09130E-01  8.42150E-01
  8.76520E-01  9.12290E-01  9.49520E-01  9.88270E-01  1.02860E+00  1.07060E+00
  1.11430E+00  1.15980E+00  1.20710E+00  1.25630E+00  1.30760E+00  1.36100E+00
  1.41650E+00  1.47430E+00  1.53450E+00  1.59710E+00  1.66230E+00  1.73010E+00
  1.80080E+00  1.87420E+00  1.95070E+00  2.03030E+00  2.11320E+00  2.19940E+00
  2.28920E+00  2.38260E+00  2.47990E+00  2.58110E+00  2.68640E+00  2.79600E+00
  2.91010E+00  3.02890E+00  3.15250E+00  3.28120E+00  3.41510E+00  3.55450E+00
  3.69950E+00  3.85050E+00  4.00760E+00  4.17120E+00  4.34140E+00  4.51860E+00
  4.70300E+00  4.89490E+00  5.09470E+00  5.30260E+00  5.51900E+00  5.74430E+00
  5.97870E+00  6.22270E+00  6.47660E+00  6.74100E+00  7.01610E+00  7.30240E+00
  7.60040E+00  7.91060E+00  8.23340E+00  8.56940E+00  8.91920E+00  9.28320E+00
  9.66200E+00  1.00560E+01  1.04670E+01  1.08940E+01  1.13390E+01  1.18010E+01
  1.22830E+01  1.27840E+01  1.33060E+01  1.38490E+01  1.44140E+01  1.50020E+01
  1.56150E+01  1.62520E+01  1.69150E+01  1.76050E+01  1.83240E+01  1.90720E+01
  1.98500E+01  2.06600E+01
t        0
vals
  2.68047E-01 0.0002  5.98606E-04 0.0038  9.35394E-04 0.0030  1.40859E-03 0.0025
  1.93160E-03 0.0021  2.16916E-03 0.0020  2.49147E-03 0.0019  2.45524E-03 0.0019
  3.30776E-03 0.0016  1.93244E-03 0.0021  2.48757E-03 0.0019  2.92338E-03 0.0017
  2.89640E-03 0.0017  3.01297E-03 0.0017  2.72054E-03 0.0018  3.03631E-03 0.0017
  2.32542E-03 0.0019  2.00402E-03 0.0021  1.87064E-03 0.0022  1.57039E-03 0.0023
  1.27254E-03 0.0026  9.90672E-04 0.0030  7.20664E-04 0.0035  5.13274E-04 0.0041
  4.81325E-04 0.0043  4.76645E-04 0.0043  4.73169E-04 0.0043  7.17981E-04 0.0035
  9.42734E-04 0.0030  9.97443E-04 0.0030  9.48067E-04 0.0030  1.10388E-03 0.0028
  1.16921E-03 0.0027  1.15294E-03 0.0028  1.03377E-03 0.0029  1.19577E-03 0.0027
  1.01217E-03 0.0029  1.39754E-03 0.0025  1.81060E-03 0.0022  2.15379E-03 0.0020
  2.09890E-03 0.0020  1.94045E-03 0.0021  2.40409E-03 0.0019  2.68771E-03 0.0018
  2.86242E-03 0.0018  2.22245E-03 0.0020  2.89223E-03 0.0017  3.56474E-03 0.0016
  3.84556E-03 0.0015  4.31269E-03 0.0014  3.47305E-03 0.0016  3.17858E-03 0.0017
  3.18421E-03 0.0017  3.57755E-03 0.0016  3.46759E-03 0.0016  3.98657E-03 0.0015
  3.53096E-03 0.0016  3.94269E-03 0.0015  4.52537E-03 0.0014  4.52094E-03 0.0014
  4.27645E-03 0.0014  4.42466E-03 0.0014  3.99503E-03 0.0015  3.35362E-03 0.0016
  3.33620E-03 0.0016  3.72552E-03 0.0015  4.28646E-03 0.0014  4.39965E-03 0.0014
  4.34237E-03 0.0014  3.83879E-03 0.0015  3.57443E-03 0.0016  4.10986E-03 0.0015
  4.41994E-03 0.0014  4.72834E-03 0.0014  4.44259E-03 0.0014  3.68490E-03 0.0015
  4.15059E-03 0.0015  4.50763E-03 0.0014  4.04987E-03 0.0015  4.32101E-03 0.0014
  3.99456E-03 0.0015  3.53756E-03 0.0016  3.56427E-03 0.0016  3.62322E-03 0.0016
  3.71723E-03 0.0015  3.82280E-03 0.0015  3.49856E-03 0.0016  3.57163E-03 0.0016
  3.60099E-03 0.0016  3.36954E-03 0.0016  3.21132E-03 0.0016  3.30160E-03 0.0016
  3.10145E-03 0.0017  2.93021E-03 0.0017  2.80116E-03 0.0017  2.72962E-03 0.0018
  2.70982E-03 0.0018  2.87858E-03 0.0017  2.96088E-03 0.0017  2.95736E-03 0.0017
  3.07719E-03 0.0017  3.05541E-03 0.0017  3.05708E-03 0.0017  3.26585E-03 0.0016
  3.47717E-03 0.0016  3.58122E-03 0.0016  3.81670E-03 0.0015  3.79521E-03 0.0015
  3.91314E-03 0.0015  4.09904E-03 0.0015  4.29547E-03 0.0014  4.38879E-03 0.0014
  4.50817E-03 0.0014  4.59819E-03 0.0014  4.62585E-03 0.0014  4.71537E-03 0.0014
  4.88118E-03 0.0013  5.37879E-03 0.0013  6.31771E-03 0.0012  7.87411E-03 0.0011
  1.05729E-02 0.0009  1.50791E-02 0.0008  2.12688E-02 0.0006  3.59010E-02 0.0005
  3.96897E-02 0.0005  3.17940E-02 0.0005  1.59331E-02 0.0008  1.24672E-02 0.0009
  3.53214E-03 0.0017  2.41619E-05 0.0197  1.72424E-05 0.0235  6.87298E-06 0.0370
  5.53263E-06 0.0414  1.33343E-06 0.0852  8.17772E-01 0.0000
tfc   13       1       1       1       1       1       1     135       1
    8192000  8.17785E-01  1.48854E-04  1.04454E+06
   16384000  8.17843E-01  1.05275E-04  1.05041E+06
   24576000  8.17745E-01  0.00000E+00  1.00000E+30
   32768000  8.17798E-01  0.00000E+00  1.00000E+30
   40960000  8.17832E-01  0.00000E+00  1.00000E+30
   49152000  8.17814E-01  0.00000E+00  1.00000E+30
   57344000  8.17829E-01  0.00000E+00  1.00000E+30
   65536000  8.17822E-01  0.00000E+00  1.00000E+30
   73728000  8.17801E-01  0.00000E+00  1.00000E+30
   81920000  8.17793E-01  0.00000E+00  1.00000E+30
   90112000  8.17786E-01  0.00000E+00  1.00000E+30
   98304000  8.17773E-01  0.00000E+00  1.00000E+30
  100000000  8.17772E-01  0.00000E+00  1.00000E+30
tally   41                   -1    0    0
 0 1 0 0 0 0 0 0 0 0 0 0 0 0 0 0 0 0 0 0 0 0 0 0 0 0 0 0 0 0 0 0 0 0 0 0 0
f        1
      6
d        1
u        0
s        0
m        0
c        0
et      50
  5.00000E-01  6.00000E-01  7.00000E-01  8.00000E-01  9.00000E-01  1.00000E+00
  1.10000E+00  1.20000E+00  1.30000E+00  1.40000E+00  1.50000E+00  1.60000E+00
  1.70000E+00  1.80000E+00  1.90000E+00  2.00000E+00  2.10000E+00  2.20000E+00
  2.30000E+00  2.40000E+00  2.50000E+00  2.60000E+00  2.70000E+00  2.80000E+00
  2.90000E+00  3.00000E+00  3.10000E+00  3.20000E+00  3.30000E+00  3.40000E+00
  3.50000E+00  3.60000E+00  3.70000E+00  3.80000E+00  3.90000E+00  4.00000E+00
  4.50000E+00  5.00000E+00  5.50000E+00  6.00000E+00  6.50000E+00  7.00000E+00
  7.50000E+00  8.00000E+00  8.50000E+00  9.00000E+00  9.50000E+00  1.00000E+01
  1.05000E+01
t        0
vals
  2.27889E-01 0.0002  1.30644E-02 0.0009  9.81038E-03 0.0011  9.37793E-03 0.0011
  1.18752E-02 0.0010  7.42322E-03 0.0012  6.89400E-03 0.0012  8.11888E-03 0.0012
  1.25225E-02 0.0009  1.59698E-02 0.0008  6.06460E-03 0.0013  2.51121E-03 0.0021
  2.11600E-03 0.0023  2.02779E-03 0.0024  2.14400E-03 0.0023  1.64159E-03 0.0026
  1.70592E-03 0.0026  1.66630E-03 0.0026  1.61374E-03 0.0026  1.80478E-03 0.0025
  2.07044E-03 0.0023  2.70973E-03 0.0020  2.02617E-03 0.0023  1.96958E-03 0.0024
  1.61154E-03 0.0026  1.42020E-03 0.0028  1.35606E-03 0.0029  1.47859E-03 0.0027
  1.55258E-03 0.0027  1.35619E-03 0.0029  1.22080E-03 0.0030  1.21138E-03 0.0031
  1.19089E-03 0.0031  1.30717E-03 0.0029  1.43230E-03 0.0028  1.80579E-03 0.0024
  9.93469E-03 0.0010  3.80807E-03 0.0017  9.02731E-03 0.0011  1.75319E-03 0.0026
  1.59656E-03 0.0027  7.70844E-04 0.0041  6.55169E-04 0.0044  4.97106E-04 0.0050
  2.99579E-04 0.0066  2.27557E-04 0.0076  1.98048E-04 0.0080  1.51063E-04 0.0092
  8.75133E-05 0.0123  4.00967E-01 0.0002
tfc   13       1       1       1       1       1       1      50       1
    8192000  4.01012E-01  5.92546E-04  6.59173E+04
   16384000  4.00934E-01  4.18962E-04  6.63229E+04
   24576000  4.00977E-01  3.42038E-04  6.65857E+04
   32768000  4.00977E-01  2.96235E-04  6.64478E+04
   40960000  4.00890E-01  2.64983E-04  6.65484E+04
   49152000  4.00921E-01  2.41867E-04  6.66658E+04
   57344000  4.00938E-01  2.23926E-04  6.66556E+04
   65536000  4.00934E-01  2.09477E-04  6.66812E+04
   73728000  4.00928E-01  1.97485E-04  6.67007E+04
   81920000  4.00957E-01  1.87341E-04  6.68299E+04
   90112000  4.00953E-01  1.78625E-04  6.68155E+04
   98304000  4.00960E-01  1.71020E-04  6.68040E+04
  100000000  4.00967E-01  1.69562E-04  6.68654E+04
