mcnp       6     12/17/11 19:55:47     4       100000000      3305694902
   Leakage from Ti (40cm dia) sphere 3-d surface tally                          
ntal     2
   21   41
tally   21                   -1    0    0
 1 0 0 0 0 0 0 0 0 0 0 0 0 0 0 0 0 0 0 0 0 0 0 0 0 0 0 0 0 0 0 0 0 0 0 0 0
f        1
      6
d        1
u        0
s        0
m        0
c        0
et     138
  7.95200E-02  8.27600E-02  8.61400E-02  8.96500E-02  9.33100E-02  9.71200E-02
  1.01090E-01  1.05210E-01  1.09500E-01  1.13970E-01  1.18620E-01  1.23470E-01
  1.28500E-01  1.33750E-01  1.39210E-01  1.44890E-01  1.50800E-01  1.56960E-01
  1.63360E-01  1.70030E-01  1.76970E-01  1.84190E-01  1.91710E-01  1.99530E-01
  2.07670E-01  2.16150E-01  2.24970E-01  2.34150E-01  2.43710E-01  2.53650E-01
  2.64000E-01  2.74780E-01  2.85990E-01  2.97660E-01  3.09810E-01  3.22450E-01
  3.35610E-01  3.49310E-01  3.63570E-01  3.78400E-01  3.93850E-01  4.09920E-01
  4.26650E-01  4.44060E-01  4.62180E-01  4.81050E-01  5.00680E-01  5.21110E-01
  5.42380E-01  5.64510E-01  5.87550E-01  6.11530E-01  6.36480E-01  6.62460E-01
  6.89500E-01  7.17630E-01  7.46920E-01  7.77400E-01  8.09130E-01  8.42150E-01
  8.76520E-01  9.12290E-01  9.49520E-01  9.88270E-01  1.02860E+00  1.07060E+00
  1.11430E+00  1.15980E+00  1.20710E+00  1.25630E+00  1.30760E+00  1.36100E+00
  1.41650E+00  1.47430E+00  1.53450E+00  1.59710E+00  1.66230E+00  1.73010E+00
  1.80080E+00  1.87420E+00  1.95070E+00  2.03030E+00  2.11320E+00  2.19940E+00
  2.28920E+00  2.38260E+00  2.47990E+00  2.58110E+00  2.68640E+00  2.79600E+00
  2.91010E+00  3.02890E+00  3.15250E+00  3.28120E+00  3.41510E+00  3.55450E+00
  3.69950E+00  3.85050E+00  4.00760E+00  4.17120E+00  4.34140E+00  4.51860E+00
  5.30260E+00  5.51900E+00  5.74430E+00  5.97870E+00  6.22270E+00  6.47660E+00
  6.74100E+00  7.01610E+00  7.30240E+00  7.60040E+00  7.91060E+00  8.23340E+00
  8.56940E+00  8.91920E+00  9.28320E+00  9.66200E+00  1.00560E+01  1.04670E+01
  1.08940E+01  1.13390E+01  1.18010E+01  1.22830E+01  1.27840E+01  1.33060E+01
  1.38490E+01  1.44140E+01  1.50020E+01  1.56150E+01  1.62520E+01  1.69150E+01
  1.76050E+01  1.83240E+01  1.90720E+01  1.98500E+01  2.06600E+01
t        0
vals
  5.11892E-03 0.0014  3.51947E-04 0.0052  2.46380E-04 0.0062  3.37298E-04 0.0053
  4.12752E-04 0.0048  3.96730E-04 0.0049  2.89419E-04 0.0057  4.09670E-04 0.0048
  4.14194E-04 0.0048  4.42487E-04 0.0046  5.14004E-04 0.0043  5.62335E-04 0.0041
  1.04253E-03 0.0030  6.06709E-04 0.0040  5.47400E-04 0.0042  5.39455E-04 0.0042
  7.40165E-04 0.0036  7.72106E-04 0.0035  8.38580E-04 0.0034  1.02446E-03 0.0031
  1.08718E-03 0.0030  1.43886E-03 0.0026  5.86000E-04 0.0040  6.54716E-04 0.0038
  9.73596E-04 0.0031  1.19498E-03 0.0028  1.33473E-03 0.0027  1.63801E-03 0.0024
  2.24110E-03 0.0021  1.14165E-03 0.0029  1.82743E-03 0.0023  1.09241E-03 0.0030
  1.53184E-03 0.0025  1.84331E-03 0.0023  2.12080E-03 0.0021  1.79946E-03 0.0023
  2.09872E-03 0.0021  1.71712E-03 0.0024  2.10302E-03 0.0021  2.29607E-03 0.0020
  2.68475E-03 0.0019  2.74412E-03 0.0019  2.60658E-03 0.0019  3.34137E-03 0.0017
  2.86815E-03 0.0018  2.58324E-03 0.0019  2.85646E-03 0.0018  3.10430E-03 0.0018
  3.24826E-03 0.0017  3.68811E-03 0.0016  3.77828E-03 0.0016  4.08778E-03 0.0015
  4.02256E-03 0.0015  4.75630E-03 0.0014  4.30984E-03 0.0015  4.12947E-03 0.0015
  3.79464E-03 0.0016  3.87635E-03 0.0016  4.29451E-03 0.0015  4.85289E-03 0.0014
  4.68974E-03 0.0014  4.76121E-03 0.0014  5.03824E-03 0.0014  4.58425E-03 0.0014
  4.85414E-03 0.0014  4.44038E-03 0.0015  4.75686E-03 0.0014  5.38490E-03 0.0013
  5.11723E-03 0.0014  4.79156E-03 0.0014  5.32118E-03 0.0013  5.25613E-03 0.0014
  4.91338E-03 0.0014  4.85628E-03 0.0014  5.11636E-03 0.0014  5.05067E-03 0.0014
  5.11795E-03 0.0014  5.07769E-03 0.0014  5.17056E-03 0.0014  5.19027E-03 0.0014
  4.83610E-03 0.0014  4.94866E-03 0.0014  4.74230E-03 0.0014  4.70879E-03 0.0014
  4.74054E-03 0.0014  4.65899E-03 0.0014  4.54860E-03 0.0014  4.62233E-03 0.0014
  4.34715E-03 0.0015  4.62389E-03 0.0014  4.67683E-03 0.0014  4.54610E-03 0.0015
  3.72865E-03 0.0016  3.63479E-03 0.0016  3.58702E-03 0.0016  3.49393E-03 0.0016
  3.36249E-03 0.0017  3.17540E-03 0.0017  3.16559E-03 0.0017  3.04873E-03 0.0018
  2.93820E-03 0.0018  2.90255E-03 0.0018  1.07429E-02 0.0009  2.54186E-03 0.0019
  2.44933E-03 0.0020  2.43791E-03 0.0020  2.36172E-03 0.0020  2.29391E-03 0.0020
  2.28103E-03 0.0020  2.19306E-03 0.0021  2.16052E-03 0.0021  2.14057E-03 0.0021
  2.11152E-03 0.0021  2.09334E-03 0.0021  2.07663E-03 0.0021  2.10886E-03 0.0021
  2.24201E-03 0.0021  2.40103E-03 0.0020  2.57088E-03 0.0019  2.81321E-03 0.0018
  2.81229E-03 0.0018  3.12942E-03 0.0017  3.40134E-03 0.0017  3.85891E-03 0.0016
  1.23268E-02 0.0009  1.43616E-02 0.0008  8.99967E-02 0.0003  1.64217E-01 0.0002
  1.68682E-01 0.0002  9.46831E-02 0.0003  9.70989E-02 0.0003  4.81942E-02 0.0004
  2.36552E-04 0.0065  2.40634E-04 0.0064  1.13081E-04 0.0094  1.13446E-04 0.0094
  5.72810E-05 0.0132  1.06003E+00 0.0000
tfc   13       1       1       1       1       1       1     138       1
    8192000  1.05995E+00  0.00000E+00  1.00000E+30
   16384000  1.06000E+00  0.00000E+00  1.00000E+30
   24576000  1.06005E+00  0.00000E+00  1.00000E+30
   32768000  1.06003E+00  0.00000E+00  1.00000E+30
   40960000  1.06003E+00  0.00000E+00  1.00000E+30
   49152000  1.06002E+00  0.00000E+00  1.00000E+30
   57344000  1.06001E+00  0.00000E+00  1.00000E+30
   65536000  1.06000E+00  0.00000E+00  1.00000E+30
   73728000  1.06002E+00  0.00000E+00  1.00000E+30
   81920000  1.06003E+00  0.00000E+00  1.00000E+30
   90112000  1.06002E+00  0.00000E+00  1.00000E+30
   98304000  1.06002E+00  0.00000E+00  1.00000E+30
  100000000  1.06003E+00  0.00000E+00  1.00000E+30
tally   41                   -1    0    0
 0 1 0 0 0 0 0 0 0 0 0 0 0 0 0 0 0 0 0 0 0 0 0 0 0 0 0 0 0 0 0 0 0 0 0 0 0
f        1
      6
d        1
u        0
s        0
m        0
c        0
et      51
  5.00000E-01  6.00000E-01  7.00000E-01  8.00000E-01  9.00000E-01  1.00000E+00
  1.10000E+00  1.20000E+00  1.30000E+00  1.40000E+00  1.50000E+00  1.60000E+00
  1.70000E+00  1.80000E+00  1.90000E+00  2.00000E+00  2.10000E+00  2.20000E+00
  2.30000E+00  2.40000E+00  2.50000E+00  2.60000E+00  2.70000E+00  2.80000E+00
  2.90000E+00  3.00000E+00  3.10000E+00  3.20000E+00  3.30000E+00  3.40000E+00
  3.50000E+00  3.60000E+00  3.70000E+00  3.80000E+00  3.90000E+00  4.00000E+00
  4.20000E+00  4.40000E+00  4.60000E+00  4.80000E+00  5.00000E+00  5.20000E+00
  5.40000E+00  5.60000E+00  5.80000E+00  6.00000E+00  7.00000E+00  8.00000E+00
  9.00000E+00  1.00000E+01
t        0
vals
  2.07771E-01 0.0006  2.52792E-02 0.0008  1.51163E-02 0.0010  1.49332E-02 0.0010
  2.08411E-02 0.0008  3.70632E-02 0.0006  1.96606E-02 0.0009  1.52168E-02 0.0010
  1.23690E-02 0.0011  1.12427E-02 0.0011  1.05081E-02 0.0011  6.66368E-03 0.0014
  4.62855E-03 0.0018  3.96368E-03 0.0019  3.80122E-03 0.0020  3.25161E-03 0.0022
  4.07856E-03 0.0019  3.41545E-03 0.0021  3.75306E-03 0.0020  5.27015E-03 0.0017
  4.60452E-03 0.0018  4.56606E-03 0.0018  4.42525E-03 0.0018  4.06032E-03 0.0019
  3.82232E-03 0.0020  3.29483E-03 0.0021  3.14571E-03 0.0022  3.09252E-03 0.0022
  3.02896E-03 0.0022  2.93675E-03 0.0022  2.84732E-03 0.0023  2.83394E-03 0.0023
  3.00379E-03 0.0022  2.94985E-03 0.0022  2.76125E-03 0.0023  2.75236E-03 0.0023
  5.18122E-03 0.0017  4.59505E-03 0.0018  4.22451E-03 0.0019  3.85220E-03 0.0020
  3.46271E-03 0.0021  3.22344E-03 0.0021  2.95432E-03 0.0022  2.64971E-03 0.0024
  2.33838E-03 0.0025  2.08845E-03 0.0027  7.63181E-03 0.0014  4.60451E-03 0.0018
  2.30867E-03 0.0025  1.02803E-03 0.0038  5.33096E-01 0.0003
tfc   13       1       1       1       1       1       1      51       1
    8192000  5.33652E-01  9.17906E-04  1.10792E+05
   16384000  5.33669E-01  6.48224E-04  1.11074E+05
   24576000  5.33541E-01  5.28676E-04  1.11337E+05
   32768000  5.33457E-01  4.57811E-04  1.11171E+05
   40960000  5.33343E-01  4.09487E-04  1.11690E+05
   49152000  5.33235E-01  3.73650E-04  1.11698E+05
   57344000  5.33264E-01  3.45841E-04  1.11766E+05
   65536000  5.33286E-01  3.23575E-04  1.11915E+05
   73728000  5.33298E-01  3.05074E-04  1.11978E+05
   81920000  5.33245E-01  2.89330E-04  1.12141E+05
   90112000  5.33168E-01  2.75745E-04  1.12258E+05
   98304000  5.33049E-01  2.63919E-04  1.12240E+05
  100000000  5.33096E-01  2.61695E-04  1.12232E+05
