mcnp       6     11/10/11 17:11:46     4       100000000      3192883619
   Leakage from Al (40cm dia) sphere 3-d surface tally                          
ntal     2
   21   41
tally   21                   -1    0    0
 1 0 0 0 0 0 0 0 0 0 0 0 0 0 0 0 0 0 0 0 0 0 0 0 0 0 0 0 0 0 0 0 0 0 0 0 0
f        1
      6
d        1
u        0
s        0
m        0
c        0
et     135
  1.01090E-01  1.05210E-01  1.09500E-01  1.13970E-01  1.18620E-01  1.23470E-01
  1.28500E-01  1.33750E-01  1.39210E-01  1.44890E-01  1.50800E-01  1.56960E-01
  1.63360E-01  1.70030E-01  1.76970E-01  1.84190E-01  1.91710E-01  1.99530E-01
  2.07670E-01  2.16150E-01  2.24970E-01  2.34150E-01  2.43710E-01  2.53650E-01
  2.64000E-01  2.74780E-01  2.85990E-01  2.97660E-01  3.09810E-01  3.22450E-01
  3.35610E-01  3.49310E-01  3.63570E-01  3.78400E-01  3.93850E-01  4.09920E-01
  4.26650E-01  4.44060E-01  4.62180E-01  4.81050E-01  5.00680E-01  5.21110E-01
  5.42380E-01  5.64510E-01  5.87550E-01  6.11530E-01  6.36480E-01  6.62460E-01
  6.89500E-01  7.17630E-01  7.46920E-01  7.77400E-01  8.09130E-01  8.42150E-01
  8.76520E-01  9.12290E-01  9.49520E-01  9.88270E-01  1.02860E+00  1.07060E+00
  1.11430E+00  1.15980E+00  1.20710E+00  1.25630E+00  1.30760E+00  1.36100E+00
  1.41650E+00  1.47430E+00  1.53450E+00  1.59710E+00  1.66230E+00  1.73010E+00
  1.80080E+00  1.87420E+00  1.95070E+00  2.03030E+00  2.11320E+00  2.19940E+00
  2.28920E+00  2.38260E+00  2.47990E+00  2.58110E+00  2.68640E+00  2.79600E+00
  2.91010E+00  3.02890E+00  3.15250E+00  3.28120E+00  3.41510E+00  3.55450E+00
  3.69950E+00  3.85050E+00  4.00760E+00  4.17120E+00  4.34140E+00  4.51860E+00
  4.70300E+00  4.89490E+00  5.09470E+00  5.30260E+00  5.51900E+00  5.74430E+00
  5.97870E+00  6.22270E+00  6.47660E+00  6.74100E+00  7.01610E+00  7.30240E+00
  7.60040E+00  7.91060E+00  8.23340E+00  8.56940E+00  8.91920E+00  9.28320E+00
  9.66200E+00  1.00560E+01  1.04670E+01  1.08940E+01  1.13390E+01  1.18010E+01
  1.22830E+01  1.27840E+01  1.33060E+01  1.38490E+01  1.44140E+01  1.50020E+01
  1.56150E+01  1.62520E+01  1.69150E+01  1.76050E+01  1.83240E+01  1.90720E+01
  1.98500E+01  2.06600E+01
t        0
vals
  3.13278E-03 0.0017  2.09302E-04 0.0066  2.89943E-04 0.0056  3.50134E-04 0.0051
  3.39371E-04 0.0052  2.96577E-04 0.0055  8.12291E-04 0.0033  8.40628E-04 0.0033
  5.57059E-04 0.0040  1.71643E-04 0.0073  1.48515E-04 0.0078  1.61904E-04 0.0075
  1.46635E-04 0.0079  3.09766E-04 0.0054  4.08466E-04 0.0047  5.70274E-04 0.0040
  5.82732E-04 0.0040  5.84144E-04 0.0040  3.25220E-04 0.0053  3.67943E-04 0.0050
  4.57770E-04 0.0045  6.36369E-04 0.0038  7.50716E-04 0.0035  9.58205E-04 0.0031
  1.02421E-03 0.0030  1.60608E-03 0.0024  7.50907E-04 0.0035  7.30119E-04 0.0035
  8.98864E-04 0.0032  8.57067E-04 0.0033  1.16409E-03 0.0028  1.44699E-03 0.0025
  1.57302E-03 0.0024  9.93322E-04 0.0030  1.84969E-03 0.0022  1.62555E-03 0.0024
  1.11989E-03 0.0029  1.24710E-03 0.0027  1.37565E-03 0.0026  1.54448E-03 0.0024
  1.74477E-03 0.0023  1.97246E-03 0.0022  1.56113E-03 0.0024  1.92864E-03 0.0022
  1.80117E-03 0.0023  2.45270E-03 0.0019  2.19295E-03 0.0020  1.88351E-03 0.0022
  2.57873E-03 0.0019  2.77323E-03 0.0018  2.94032E-03 0.0018  2.62451E-03 0.0019
  1.84775E-03 0.0022  2.43411E-03 0.0019  2.24303E-03 0.0020  2.83437E-03 0.0018
  3.11866E-03 0.0017  3.15841E-03 0.0017  3.40998E-03 0.0016  3.43350E-03 0.0016
  3.72750E-03 0.0016  3.10827E-03 0.0017  2.87783E-03 0.0018  3.29486E-03 0.0017
  3.29708E-03 0.0017  3.68942E-03 0.0016  3.45505E-03 0.0016  3.26821E-03 0.0017
  3.47791E-03 0.0016  3.30480E-03 0.0017  3.59821E-03 0.0016  3.39753E-03 0.0016
  3.37467E-03 0.0016  3.93953E-03 0.0015  3.53613E-03 0.0016  3.50370E-03 0.0016
  3.40592E-03 0.0016  3.41205E-03 0.0016  3.35995E-03 0.0016  3.45425E-03 0.0016
  3.81114E-03 0.0015  3.13232E-03 0.0017  3.35961E-03 0.0016  3.40100E-03 0.0016
  3.59787E-03 0.0016  3.44456E-03 0.0016  3.04962E-03 0.0017  3.06017E-03 0.0017
  3.00213E-03 0.0017  3.04921E-03 0.0017  2.92386E-03 0.0018  2.87496E-03 0.0018
  2.95879E-03 0.0017  2.87870E-03 0.0018  2.90794E-03 0.0018  2.92678E-03 0.0017
  2.85300E-03 0.0018  2.84557E-03 0.0018  2.76777E-03 0.0018  2.75172E-03 0.0018
  2.68737E-03 0.0018  2.65054E-03 0.0018  2.57160E-03 0.0019  2.53691E-03 0.0019
  2.49300E-03 0.0019  2.47386E-03 0.0019  2.37615E-03 0.0019  2.41455E-03 0.0019
  2.42824E-03 0.0019  2.42066E-03 0.0019  2.41671E-03 0.0019  2.32595E-03 0.0019
  2.19289E-03 0.0020  2.21899E-03 0.0020  2.21467E-03 0.0020  2.34909E-03 0.0019
  2.67957E-03 0.0018  2.91223E-03 0.0017  3.46813E-03 0.0016  4.03856E-03 0.0015
  4.78171E-03 0.0014  1.00251E-02 0.0010  1.38466E-02 0.0008  9.98603E-02 0.0003
  1.82012E-01 0.0002  1.83980E-01 0.0002  8.51360E-02 0.0003  8.65153E-02 0.0003
  4.22691E-02 0.0005  1.77259E-04 0.0075  1.74527E-04 0.0075  5.49024E-06 0.0425
  6.06707E-06 0.0404  2.99471E-06 0.0576  9.72891E-01 0.0000
tfc   13       1       1       1       1       1       1     135       1
    8192000  9.72938E-01  0.00000E+00  1.00000E+30
   16384000  9.72913E-01  0.00000E+00  1.00000E+30
   24576000  9.72893E-01  0.00000E+00  1.00000E+30
   32768000  9.72884E-01  0.00000E+00  1.00000E+30
   40960000  9.72894E-01  0.00000E+00  1.00000E+30
   49152000  9.72897E-01  0.00000E+00  1.00000E+30
   57344000  9.72884E-01  0.00000E+00  1.00000E+30
   65536000  9.72894E-01  0.00000E+00  1.00000E+30
   73728000  9.72893E-01  0.00000E+00  1.00000E+30
   81920000  9.72894E-01  0.00000E+00  1.00000E+30
   90112000  9.72891E-01  0.00000E+00  1.00000E+30
   98304000  9.72892E-01  0.00000E+00  1.00000E+30
  100000000  9.72891E-01  0.00000E+00  1.00000E+30
tally   41                   -1    0    0
 0 1 0 0 0 0 0 0 0 0 0 0 0 0 0 0 0 0 0 0 0 0 0 0 0 0 0 0 0 0 0 0 0 0 0 0 0
f        1
      6
d        1
u        0
s        0
m        0
c        0
et      58
  5.00000E-01  6.00000E-01  7.00000E-01  8.00000E-01  9.00000E-01  1.00000E+00
  1.10000E+00  1.20000E+00  1.30000E+00  1.40000E+00  1.50000E+00  1.60000E+00
  1.70000E+00  1.80000E+00  1.90000E+00  2.00000E+00  2.10000E+00  2.20000E+00
  2.30000E+00  2.40000E+00  2.50000E+00  2.60000E+00  2.70000E+00  2.80000E+00
  2.90000E+00  3.00000E+00  3.10000E+00  3.20000E+00  3.30000E+00  3.40000E+00
  3.50000E+00  3.60000E+00  3.70000E+00  3.80000E+00  3.90000E+00  4.00000E+00
  4.10000E+00  4.20000E+00  4.30000E+00  4.40000E+00  4.50000E+00  4.60000E+00
  4.70000E+00  4.80000E+00  4.90000E+00  5.00000E+00  5.50000E+00  6.00000E+00
  6.50000E+00  7.00000E+00  7.50000E+00  8.00000E+00  8.50000E+00  9.00000E+00
  9.50000E+00  1.00000E+01  1.05000E+01
t        0
vals
  1.19349E-01 0.0003  2.28746E-02 0.0007  1.32344E-02 0.0009  1.28330E-02 0.0009
  1.55922E-02 0.0008  1.07791E-02 0.0010  1.28735E-02 0.0009  8.28046E-03 0.0012
  8.07223E-03 0.0012  7.02593E-03 0.0013  7.05702E-03 0.0012  4.57773E-03 0.0015
  1.09549E-02 0.0010  1.35138E-02 0.0009  1.06751E-02 0.0010  4.50165E-03 0.0015
  4.56565E-03 0.0015  8.98748E-03 0.0011  1.30069E-02 0.0009  8.53903E-03 0.0011
  2.93001E-03 0.0019  2.71949E-03 0.0020  2.56350E-03 0.0021  2.75488E-03 0.0020
  3.71009E-03 0.0017  6.94311E-03 0.0012  7.46294E-03 0.0012  4.34749E-03 0.0016
  3.39848E-03 0.0018  2.93698E-03 0.0019  2.24145E-03 0.0022  2.15058E-03 0.0022
  2.05536E-03 0.0023  1.98085E-03 0.0023  1.91296E-03 0.0024  2.19275E-03 0.0022
  2.02900E-03 0.0023  1.76455E-03 0.0025  1.63546E-03 0.0026  1.87883E-03 0.0024
  2.50146E-03 0.0021  2.40615E-03 0.0021  1.83000E-03 0.0024  1.57675E-03 0.0026
  1.41083E-03 0.0028  1.24641E-03 0.0029  6.40810E-03 0.0013  7.87862E-03 0.0012
  7.11324E-03 0.0012  5.68887E-03 0.0014  4.92265E-03 0.0015  4.40161E-03 0.0015
  3.70197E-03 0.0017  2.97772E-03 0.0019  2.43294E-03 0.0021  1.96602E-03 0.0023
  1.35035E-03 0.0028  4.36716E-01 0.0002
tfc   13       1       1       1       1       1       1      58       1
    8192000  4.36502E-01  5.93619E-04  2.06172E+05
   16384000  4.36664E-01  4.19680E-04  2.06595E+05
   24576000  4.36702E-01  3.42627E-04  2.06919E+05
   32768000  4.36689E-01  2.96693E-04  2.06489E+05
   40960000  4.36697E-01  2.65364E-04  2.04968E+05
   49152000  4.36647E-01  2.42273E-04  2.04986E+05
   57344000  4.36693E-01  2.24275E-04  2.04910E+05
   65536000  4.36699E-01  2.09780E-04  2.05092E+05
   73728000  4.36710E-01  1.97780E-04  2.05349E+05
   81920000  4.36739E-01  1.87623E-04  2.05660E+05
   90112000  4.36718E-01  1.78894E-04  2.05893E+05
   98304000  4.36704E-01  1.71284E-04  2.05865E+05
  100000000  4.36716E-01  1.69825E-04  2.05692E+05
