mcnp       6     12/17/11 13:53:23     2        10000000      3606380923
   Leakage from Mn (61cm dia) sphere 3-d surface tally                          
ntal     2
   21   41
tally   21                   -1    0    0
 1 0 0 0 0 0 0 0 0 0 0 0 0 0 0 0 0 0 0 0 0 0 0 0 0 0 0 0 0 0 0 0 0 0 0 0 0
f        1
      6
d        1
u        0
s        0
m        0
c        0
et     141
  7.95200E-02  8.27600E-02  8.61400E-02  8.96500E-02  9.33100E-02  9.71200E-02
  1.01090E-01  1.05210E-01  1.09500E-01  1.13970E-01  1.18620E-01  1.23470E-01
  1.28500E-01  1.33750E-01  1.39210E-01  1.44890E-01  1.50800E-01  1.56960E-01
  1.63360E-01  1.70030E-01  1.76970E-01  1.84190E-01  1.91710E-01  1.99530E-01
  2.07670E-01  2.16150E-01  2.24970E-01  2.34150E-01  2.43710E-01  2.53650E-01
  2.64000E-01  2.74780E-01  2.85990E-01  2.97660E-01  3.09810E-01  3.22450E-01
  3.35610E-01  3.49310E-01  3.63570E-01  3.78400E-01  3.93850E-01  4.09920E-01
  4.26650E-01  4.44060E-01  4.62180E-01  4.81050E-01  5.00680E-01  5.21110E-01
  5.42380E-01  5.64510E-01  5.87550E-01  6.11530E-01  6.36480E-01  6.62460E-01
  6.89500E-01  7.17630E-01  7.46920E-01  7.77400E-01  8.09130E-01  8.42150E-01
  8.76520E-01  9.12290E-01  9.49520E-01  9.88270E-01  1.02860E+00  1.07060E+00
  1.11430E+00  1.15980E+00  1.20710E+00  1.25630E+00  1.30760E+00  1.36100E+00
  1.41650E+00  1.47430E+00  1.53450E+00  1.59710E+00  1.66230E+00  1.73010E+00
  1.80080E+00  1.87420E+00  1.95070E+00  2.03030E+00  2.11320E+00  2.19940E+00
  2.28920E+00  2.38260E+00  2.47990E+00  2.58110E+00  2.68640E+00  2.79600E+00
  2.91010E+00  3.02890E+00  3.15250E+00  3.28120E+00  3.41510E+00  3.55450E+00
  3.69950E+00  3.85050E+00  4.00760E+00  4.17120E+00  4.34140E+00  4.51860E+00
  4.70300E+00  4.89490E+00  5.09470E+00  5.30260E+00  5.51900E+00  5.74430E+00
  5.97870E+00  6.22270E+00  6.47660E+00  6.74100E+00  7.01610E+00  7.30240E+00
  7.60040E+00  7.91060E+00  8.23340E+00  8.56940E+00  8.91920E+00  9.28320E+00
  9.66200E+00  1.00560E+01  1.04670E+01  1.08940E+01  1.13390E+01  1.18010E+01
  1.22830E+01  1.27840E+01  1.33060E+01  1.38490E+01  1.44140E+01  1.50020E+01
  1.56150E+01  1.62520E+01  1.69150E+01  1.76050E+01  1.83240E+01  1.90720E+01
  1.98500E+01  2.06600E+01
t        0
vals
  6.06839E-02 0.0012  6.34314E-03 0.0038  1.27407E-03 0.0085  1.84840E-03 0.0071
  3.75383E-03 0.0050  6.33660E-03 0.0038  5.70203E-03 0.0040  1.65960E-02 0.0024
  6.73673E-03 0.0037  4.52792E-03 0.0045  6.24313E-03 0.0039  1.12733E-02 0.0029
  1.01729E-02 0.0030  3.94152E-03 0.0049  8.27613E-03 0.0034  4.87922E-03 0.0044
  8.41869E-03 0.0033  1.06140E-02 0.0030  8.19028E-03 0.0034  1.25869E-02 0.0027
  1.00307E-02 0.0030  1.33874E-02 0.0026  9.29226E-03 0.0032  9.84792E-03 0.0031
  1.16729E-02 0.0028  1.14953E-02 0.0029  1.13347E-02 0.0029  1.18915E-02 0.0028
  1.27175E-02 0.0027  1.29195E-02 0.0027  1.40113E-02 0.0026  1.54987E-02 0.0025
  1.29058E-02 0.0027  1.36566E-02 0.0026  1.46007E-02 0.0025  1.43635E-02 0.0026
  1.39880E-02 0.0026  1.66563E-02 0.0024  1.72880E-02 0.0023  1.71513E-02 0.0023
  1.53832E-02 0.0025  1.37293E-02 0.0026  1.26596E-02 0.0027  1.40574E-02 0.0026
  1.35864E-02 0.0026  1.24452E-02 0.0027  1.26079E-02 0.0027  1.44358E-02 0.0026
  1.77645E-02 0.0023  2.09827E-02 0.0021  1.86392E-02 0.0022  2.12820E-02 0.0021
  1.94703E-02 0.0022  1.70136E-02 0.0024  1.90118E-02 0.0022  2.10675E-02 0.0021
  1.73690E-02 0.0023  1.99874E-02 0.0022  2.08241E-02 0.0021  2.10876E-02 0.0021
  1.87362E-02 0.0022  1.78742E-02 0.0023  1.93157E-02 0.0022  1.84669E-02 0.0023
  1.69081E-02 0.0024  1.40124E-02 0.0026  1.77854E-02 0.0023  1.32095E-02 0.0027
  1.50196E-02 0.0025  1.28682E-02 0.0027  1.14478E-02 0.0029  1.17229E-02 0.0028
  1.24101E-02 0.0028  1.10606E-02 0.0029  1.04469E-02 0.0030  1.05929E-02 0.0030
  9.42883E-03 0.0032  9.51007E-03 0.0032  8.97863E-03 0.0032  8.24855E-03 0.0034
  7.65031E-03 0.0035  7.96255E-03 0.0034  6.77600E-03 0.0037  6.64802E-03 0.0038
  6.35009E-03 0.0039  5.86080E-03 0.0040  5.26359E-03 0.0042  5.19917E-03 0.0043
  4.91074E-03 0.0044  4.68118E-03 0.0045  4.43845E-03 0.0046  4.49114E-03 0.0046
  4.14892E-03 0.0048  3.84692E-03 0.0050  3.51519E-03 0.0052  3.22156E-03 0.0054
  2.98644E-03 0.0056  2.77387E-03 0.0058  2.55627E-03 0.0061  2.45115E-03 0.0062
  2.38308E-03 0.0063  2.29713E-03 0.0064  2.19536E-03 0.0065  2.12600E-03 0.0066
  2.02955E-03 0.0068  2.00815E-03 0.0068  1.95094E-03 0.0069  1.94836E-03 0.0069
  1.89382E-03 0.0070  1.85617E-03 0.0071  1.83516E-03 0.0071  1.83970E-03 0.0071
  1.80453E-03 0.0072  1.78107E-03 0.0072  1.78978E-03 0.0072  1.71281E-03 0.0074
  1.75047E-03 0.0073  1.72535E-03 0.0073  1.73511E-03 0.0073  1.79444E-03 0.0072
  1.91599E-03 0.0069  1.95475E-03 0.0069  2.00410E-03 0.0068  1.92342E-03 0.0069
  1.98576E-03 0.0068  2.00089E-03 0.0068  1.97723E-03 0.0068  2.54263E-03 0.0060
  3.90374E-03 0.0048  2.55497E-02 0.0019  3.96444E-02 0.0015  3.66230E-02 0.0016
  1.46153E-02 0.0025  1.44011E-02 0.0026  5.92061E-03 0.0040  2.01316E-05 0.0692
  1.91864E-05 0.0713  6.22917E-06 0.1250  5.93810E-06 0.1281  2.55296E-06 0.1962
  1.36576E+00 0.0001
tfc   20       1       1       1       1       1       1     141       1
     512000  1.36673E+00  4.80416E-04  1.42275E+06
    1024000  1.36647E+00  3.39812E-04  1.41897E+06
    1536000  1.36642E+00  2.77479E-04  1.41783E+06
    2048000  1.36646E+00  2.40311E-04  1.42154E+06
    2560000  1.36620E+00  2.14977E-04  1.42383E+06
    3072000  1.36611E+00  1.96246E-04  1.42505E+06
    3584000  1.36608E+00  1.81697E-04  1.42588E+06
    4096000  1.36589E+00  1.69981E-04  1.42787E+06
    4608000  1.36580E+00  1.60264E-04  1.42919E+06
    5120000  1.36578E+00  1.52042E-04  1.42932E+06
    5632000  1.36580E+00  1.44967E-04  1.43112E+06
    6144000  1.36577E+00  1.38802E-04  1.42914E+06
    6656000  1.36581E+00  1.33354E-04  1.42800E+06
    7168000  1.36579E+00  1.28503E-04  1.42692E+06
    7680000  1.36572E+00  1.24151E-04  1.42617E+06
    8192000  1.36574E+00  1.20210E-04  1.42539E+06
    8704000  1.36570E+00  1.16623E-04  1.42558E+06
    9216000  1.36576E+00  1.13334E-04  1.42581E+06
    9728000  1.36576E+00  1.10313E-04  1.42560E+06
   10000000  1.36576E+00  1.08802E-04  1.42388E+06
tally   41                   -1    0    0
 0 1 0 0 0 0 0 0 0 0 0 0 0 0 0 0 0 0 0 0 0 0 0 0 0 0 0 0 0 0 0 0 0 0 0 0 0
f        1
      6
d        1
u        0
s        0
m        0
c        0
et      50
  5.00000E-01  6.00000E-01  7.00000E-01  8.00000E-01  9.00000E-01  1.00000E+00
  1.10000E+00  1.20000E+00  1.30000E+00  1.40000E+00  1.50000E+00  1.60000E+00
  1.70000E+00  1.80000E+00  1.90000E+00  2.00000E+00  2.10000E+00  2.20000E+00
  2.30000E+00  2.40000E+00  2.50000E+00  2.60000E+00  2.70000E+00  2.80000E+00
  2.90000E+00  3.00000E+00  3.10000E+00  3.20000E+00  3.30000E+00  3.40000E+00
  3.50000E+00  3.60000E+00  3.70000E+00  3.80000E+00  3.90000E+00  4.00000E+00
  4.50000E+00  5.00000E+00  5.50000E+00  6.00000E+00  6.50000E+00  7.00000E+00
  7.50000E+00  8.00000E+00  8.50000E+00  9.00000E+00  9.50000E+00  1.00000E+01
  1.05000E+01
t        0
vals
  9.43076E-02 0.0011  1.75273E-02 0.0025  1.12586E-02 0.0031  1.10852E-02 0.0031
  1.69930E-02 0.0025  8.32483E-03 0.0036  6.94060E-03 0.0040  7.13232E-03 0.0039
  6.11779E-03 0.0043  5.16130E-03 0.0046  5.92737E-03 0.0043  4.72455E-03 0.0048
  3.74195E-03 0.0054  3.81835E-03 0.0055  3.85184E-03 0.0054  3.15339E-03 0.0059
  3.00236E-03 0.0061  3.57762E-03 0.0055  4.01597E-03 0.0052  2.95787E-03 0.0061
  2.29707E-03 0.0070  2.26347E-03 0.0070  2.17156E-03 0.0072  2.19997E-03 0.0071
  2.21807E-03 0.0072  2.19578E-03 0.0071  2.00373E-03 0.0075  1.80641E-03 0.0079
  1.71558E-03 0.0081  1.64386E-03 0.0085  1.61561E-03 0.0084  1.53808E-03 0.0086
  1.48288E-03 0.0087  1.45791E-03 0.0088  1.35820E-03 0.0091  1.30991E-03 0.0093
  6.18136E-03 0.0043  4.41920E-03 0.0051  3.55560E-03 0.0057  2.69617E-03 0.0065
  2.05085E-03 0.0075  1.63135E-03 0.0084  1.34590E-03 0.0093  8.83925E-04 0.0115
  5.92380E-04 0.0140  3.97599E-04 0.0171  2.71585E-04 0.0207  1.89398E-04 0.0249
  1.08870E-04 0.0329  2.77222E-01 0.0007
tfc   20       1       1       1       1       1       1      50       1
     512000  2.77213E-01  3.00071E-03  3.64681E+04
    1024000  2.77369E-01  2.12771E-03  3.61930E+04
    1536000  2.77096E-01  1.74244E-03  3.59558E+04
    2048000  2.77120E-01  1.50735E-03  3.61310E+04
    2560000  2.77046E-01  1.34797E-03  3.62141E+04
    3072000  2.76990E-01  1.22986E-03  3.62848E+04
    3584000  2.77052E-01  1.13791E-03  3.63548E+04
    4096000  2.77312E-01  1.06492E-03  3.63795E+04
    4608000  2.77221E-01  1.00371E-03  3.64372E+04
    5120000  2.77226E-01  9.52128E-04  3.64475E+04
    5632000  2.77124E-01  9.07862E-04  3.64901E+04
    6144000  2.77113E-01  8.69177E-04  3.64458E+04
    6656000  2.77129E-01  8.34788E-04  3.64407E+04
    7168000  2.77234E-01  8.03937E-04  3.64571E+04
    7680000  2.77231E-01  7.76590E-04  3.64494E+04
    8192000  2.77261E-01  7.51736E-04  3.64489E+04
    8704000  2.77284E-01  7.29578E-04  3.64267E+04
    9216000  2.77263E-01  7.08924E-04  3.64407E+04
    9728000  2.77211E-01  6.90217E-04  3.64149E+04
   10000000  2.77222E-01  6.80671E-04  3.63810E+04
