mcnp       6     11/11/11 14:17:28     4       100000000      5514192235
   Leakage from Mo (61cm dia) sphere 3-d surface tally                          
ntal     1
   21
tally   21                   -1    0    0
 1 0 0 0 0 0 0 0 0 0 0 0 0 0 0 0 0 0 0 0 0 0 0 0 0 0 0 0 0 0 0 0 0 0 0 0 0
f        1
      6
d        1
u        0
s        0
m        0
c        0
et     140
  8.27600E-02  8.61400E-02  8.96500E-02  9.33100E-02  9.71200E-02  1.01090E-01
  1.05210E-01  1.09500E-01  1.13970E-01  1.18620E-01  1.23470E-01  1.28500E-01
  1.33750E-01  1.39210E-01  1.44890E-01  1.50800E-01  1.56960E-01  1.63360E-01
  1.70030E-01  1.76970E-01  1.84190E-01  1.91710E-01  1.99530E-01  2.07670E-01
  2.16150E-01  2.24970E-01  2.34150E-01  2.43710E-01  2.53650E-01  2.64000E-01
  2.74780E-01  2.85990E-01  2.97660E-01  3.09810E-01  3.22450E-01  3.35610E-01
  3.49310E-01  3.63570E-01  3.78400E-01  3.93850E-01  4.09920E-01  4.26650E-01
  4.44060E-01  4.62180E-01  4.81050E-01  5.00680E-01  5.21110E-01  5.42380E-01
  5.64510E-01  5.87550E-01  6.11530E-01  6.36480E-01  6.62460E-01  6.89500E-01
  7.17630E-01  7.46920E-01  7.77400E-01  8.09130E-01  8.42150E-01  8.76520E-01
  9.12290E-01  9.49520E-01  9.88270E-01  1.02860E+00  1.07060E+00  1.11430E+00
  1.15980E+00  1.20710E+00  1.25630E+00  1.30760E+00  1.36100E+00  1.41650E+00
  1.47430E+00  1.53450E+00  1.59710E+00  1.66230E+00  1.73010E+00  1.80080E+00
  1.87420E+00  1.95070E+00  2.03030E+00  2.11320E+00  2.19940E+00  2.28920E+00
  2.38260E+00  2.47990E+00  2.58110E+00  2.68640E+00  2.79600E+00  2.91010E+00
  3.02890E+00  3.15250E+00  3.28120E+00  3.41510E+00  3.55450E+00  3.69950E+00
  3.85050E+00  4.00760E+00  4.17120E+00  4.34140E+00  4.51860E+00  4.70300E+00
  4.89490E+00  5.09470E+00  5.30260E+00  5.51900E+00  5.74430E+00  5.97870E+00
  6.22270E+00  6.47660E+00  6.74100E+00  7.01610E+00  7.30240E+00  7.60040E+00
  7.91060E+00  8.23340E+00  8.56940E+00  8.91920E+00  9.28320E+00  9.66200E+00
  1.00560E+01  1.04670E+01  1.08940E+01  1.13390E+01  1.18010E+01  1.22830E+01
  1.27840E+01  1.33060E+01  1.38490E+01  1.44140E+01  1.50020E+01  1.56150E+01
  1.62520E+01  1.69150E+01  1.76050E+01  1.83240E+01  1.90720E+01  1.98500E+01
  2.06600E+01
t        0
vals
  1.54277E-02 0.0008  8.37698E-04 0.0033  1.19911E-03 0.0028  1.38615E-03 0.0026
  1.31836E-03 0.0026  1.25680E-03 0.0027  1.48955E-03 0.0025  1.62091E-03 0.0024
  1.77737E-03 0.0023  2.03726E-03 0.0021  2.18935E-03 0.0021  2.52412E-03 0.0019
  2.53758E-03 0.0019  3.32867E-03 0.0017  1.89345E-03 0.0022  2.48255E-03 0.0019
  3.05922E-03 0.0017  3.17524E-03 0.0017  3.56266E-03 0.0016  3.53778E-03 0.0016
  4.40061E-03 0.0015  3.62356E-03 0.0016  3.67980E-03 0.0016  4.20261E-03 0.0015
  4.51248E-03 0.0014  4.61465E-03 0.0014  4.93221E-03 0.0014  5.09179E-03 0.0014
  5.09032E-03 0.0014  5.66610E-03 0.0013  6.32033E-03 0.0012  5.36219E-03 0.0013
  6.33395E-03 0.0012  7.19727E-03 0.0011  6.93142E-03 0.0012  6.58015E-03 0.0012
  7.67568E-03 0.0011  8.17935E-03 0.0011  8.31136E-03 0.0011  7.89720E-03 0.0011
  8.10977E-03 0.0011  8.15903E-03 0.0011  8.81687E-03 0.0010  9.19276E-03 0.0010
  9.39528E-03 0.0010  9.72653E-03 0.0010  9.70420E-03 0.0010  1.02253E-02 0.0010
  1.03592E-02 0.0010  1.05099E-02 0.0010  1.14919E-02 0.0009  1.11418E-02 0.0009
  1.14573E-02 0.0009  1.11445E-02 0.0009  1.18243E-02 0.0009  1.11685E-02 0.0009
  1.06357E-02 0.0010  1.03277E-02 0.0010  1.04397E-02 0.0010  1.01359E-02 0.0010
  1.00307E-02 0.0010  1.00966E-02 0.0010  9.94109E-03 0.0010  9.93721E-03 0.0010
  9.71937E-03 0.0010  1.00453E-02 0.0010  9.85366E-03 0.0010  1.01278E-02 0.0010
  9.65654E-03 0.0010  9.42175E-03 0.0010  9.44148E-03 0.0010  9.38743E-03 0.0010
  8.86560E-03 0.0010  8.83330E-03 0.0010  8.57535E-03 0.0011  8.55588E-03 0.0011
  8.40540E-03 0.0011  8.18617E-03 0.0011  7.88523E-03 0.0011  7.41545E-03 0.0011
  7.18552E-03 0.0012  6.96963E-03 0.0012  6.82068E-03 0.0012  6.58251E-03 0.0012
  6.28662E-03 0.0012  5.91457E-03 0.0013  5.67725E-03 0.0013  5.52799E-03 0.0013
  5.26980E-03 0.0014  5.03724E-03 0.0014  4.80123E-03 0.0014  4.45770E-03 0.0015
  4.28841E-03 0.0015  4.09955E-03 0.0015  3.94344E-03 0.0016  3.79457E-03 0.0016
  3.59993E-03 0.0016  3.44557E-03 0.0017  3.26822E-03 0.0017  3.14115E-03 0.0018
  3.03238E-03 0.0018  2.86802E-03 0.0018  2.79883E-03 0.0019  2.69650E-03 0.0019
  2.59922E-03 0.0019  2.56286E-03 0.0019  2.49398E-03 0.0020  2.46116E-03 0.0020
  2.40465E-03 0.0020  2.36379E-03 0.0020  2.34714E-03 0.0020  2.27307E-03 0.0021
  2.25631E-03 0.0021  2.22049E-03 0.0021  2.17119E-03 0.0021  2.16920E-03 0.0021
  2.15737E-03 0.0021  2.17278E-03 0.0021  2.22393E-03 0.0021  2.24251E-03 0.0021
  2.23986E-03 0.0021  2.33417E-03 0.0020  2.44149E-03 0.0020  2.93555E-03 0.0018
  3.57076E-03 0.0016  3.70548E-03 0.0016  5.38178E-03 0.0013  6.61278E-03 0.0012
  7.54158E-02 0.0003  1.39880E-01 0.0002  1.41921E-01 0.0002  5.25703E-02 0.0004
  5.39950E-02 0.0004  2.63642E-02 0.0006  6.90955E-05 0.0120  6.89802E-05 0.0120
  1.73368E-05 0.0239  1.76775E-05 0.0237  9.08419E-06 0.0330  1.22977E+00 0.0000
tfc   13       1       1       1       1       1       1     140       1
    8192000  1.22949E+00  1.19538E-04  5.63858E+06
   16384000  1.22966E+00  0.00000E+00  1.00000E+30
   24576000  1.22979E+00  0.00000E+00  1.00000E+30
   32768000  1.22983E+00  0.00000E+00  1.00000E+30
   40960000  1.22979E+00  0.00000E+00  1.00000E+30
   49152000  1.22977E+00  0.00000E+00  1.00000E+30
   57344000  1.22978E+00  0.00000E+00  1.00000E+30
   65536000  1.22977E+00  0.00000E+00  1.00000E+30
   73728000  1.22977E+00  0.00000E+00  1.00000E+30
   81920000  1.22977E+00  0.00000E+00  1.00000E+30
   90112000  1.22977E+00  0.00000E+00  1.00000E+30
   98304000  1.22977E+00  0.00000E+00  1.00000E+30
  100000000  1.22977E+00  0.00000E+00  1.00000E+30
