mcnp       6     03/06/17 00:12:38    16       100000000      8881317275
   Leakage from Si (60cm dia) sphere 3-d surface tally                          
ntal     2
   21   41
tally   21                   -1    0    0
 1 0 0 0 0 0 0 0 0 0 0 0 0 0 0 0 0 0 0 0 0 0 0 0 0 0 0 0 0 0 0 0 0 0 0 0 0
f        1
      6
d        1
u        0
s        0
m        0
c        0
et     109
  9.14600E-02  9.61500E-02  1.01080E-01  1.06260E-01  1.11710E-01  1.17440E-01
  1.23460E-01  1.29790E-01  1.36440E-01  1.43440E-01  1.50790E-01  1.58530E-01
  1.66650E-01  1.75200E-01  1.84180E-01  1.93620E-01  2.03550E-01  2.13990E-01
  2.24960E-01  2.36490E-01  2.48620E-01  2.61360E-01  2.74760E-01  2.88850E-01
  3.03660E-01  3.19230E-01  3.35600E-01  3.52800E-01  3.70890E-01  3.89910E-01
  4.09900E-01  4.30920E-01  4.53010E-01  4.76240E-01  5.00650E-01  5.26320E-01
  5.53310E-01  5.81680E-01  6.11500E-01  6.42850E-01  6.75810E-01  7.10460E-01
  7.46890E-01  7.85180E-01  8.25440E-01  8.67760E-01  9.12250E-01  9.59020E-01
  1.00820E+00  1.05990E+00  1.11420E+00  1.17140E+00  1.23140E+00  1.29450E+00
  1.36090E+00  1.43070E+00  1.50400E+00  1.58120E+00  1.66220E+00  1.74750E+00
  1.83700E+00  1.93120E+00  2.03020E+00  2.13430E+00  2.24380E+00  2.35880E+00
  2.47980E+00  2.60690E+00  2.74050E+00  2.88110E+00  3.02880E+00  3.18410E+00
  3.34730E+00  3.51890E+00  3.69930E+00  3.88900E+00  4.08840E+00  4.29900E+00
  4.51840E+00  4.75010E+00  4.99360E+00  5.24960E+00  5.51880E+00  5.80170E+00
  6.09920E+00  6.41190E+00  6.74060E+00  7.08620E+00  7.44960E+00  7.83150E+00
  8.23300E+00  8.65520E+00  9.09890E+00  9.56540E+00  1.00560E+01  1.05710E+01
  1.11130E+01  1.16830E+01  1.22820E+01  1.29120E+01  1.35740E+01  1.42700E+01
  1.50020E+01  1.57710E+01  1.65790E+01  1.74290E+01  1.83230E+01  1.92620E+01
t        0
vals
  4.53407E-03 0.0013  2.67997E-04 0.0054  2.31795E-04 0.0058  2.75317E-04 0.0053
  3.03689E-04 0.0051  3.62666E-04 0.0047  4.55005E-04 0.0042  6.76220E-04 0.0034
  1.50486E-03 0.0023  2.11315E-03 0.0020  3.41589E-03 0.0015  4.84405E-03 0.0013
  3.13426E-03 0.0016  1.13815E-03 0.0027  5.06519E-04 0.0040  3.40430E-04 0.0049
  4.32671E-04 0.0043  5.72365E-04 0.0037  7.17240E-04 0.0034  8.73887E-04 0.0030
  1.02327E-03 0.0028  1.16342E-03 0.0026  1.45580E-03 0.0024  1.36810E-03 0.0024
  1.69757E-03 0.0022  1.99449E-03 0.0020  1.82265E-03 0.0021  2.29048E-03 0.0019
  2.41205E-03 0.0018  2.65484E-03 0.0017  2.51553E-03 0.0018  2.67964E-03 0.0017
  2.87165E-03 0.0017  3.15163E-03 0.0016  3.29625E-03 0.0016  2.85167E-03 0.0017
  3.28075E-03 0.0016  2.43233E-03 0.0018  4.37054E-03 0.0014  4.76606E-03 0.0013
  4.81124E-03 0.0013  5.39716E-03 0.0012  4.58661E-03 0.0013  4.67473E-03 0.0013
  3.50781E-03 0.0015  4.12650E-03 0.0014  5.28697E-03 0.0012  4.09929E-03 0.0014
  4.07077E-03 0.0014  5.64347E-03 0.0012  6.86023E-03 0.0011  7.62581E-03 0.0010
  6.63340E-03 0.0011  7.18777E-03 0.0011  6.56117E-03 0.0011  6.88114E-03 0.0011
  6.06661E-03 0.0011  5.76216E-03 0.0012  4.09285E-03 0.0014  6.29130E-03 0.0011
  7.48859E-03 0.0010  4.48702E-03 0.0013  5.16138E-03 0.0012  5.89878E-03 0.0012
  5.78613E-03 0.0012  5.96281E-03 0.0011  6.33401E-03 0.0011  5.28117E-03 0.0012
  5.94414E-03 0.0012  5.44717E-03 0.0012  5.64979E-03 0.0012  4.66008E-03 0.0013
  5.15736E-03 0.0012  4.98579E-03 0.0012  5.78927E-03 0.0012  4.98447E-03 0.0012
  4.37269E-03 0.0013  4.46360E-03 0.0013  4.02460E-03 0.0014  3.69986E-03 0.0014
  3.46828E-03 0.0015  3.32853E-03 0.0015  3.87358E-03 0.0014  3.34671E-03 0.0015
  3.39601E-03 0.0015  3.43696E-03 0.0014  3.63703E-03 0.0014  3.58039E-03 0.0014
  3.44828E-03 0.0014  3.02120E-03 0.0015  2.62661E-03 0.0017  2.61621E-03 0.0017
  2.76468E-03 0.0016  2.77619E-03 0.0016  2.59259E-03 0.0017  2.59682E-03 0.0017
  3.19473E-03 0.0015  4.52332E-03 0.0012  8.56249E-03 0.0009  1.09539E-02 0.0008
  1.59699E-02 0.0007  1.21697E-01 0.0003  1.82739E-01 0.0002  9.58256E-02 0.0003
  5.52474E-02 0.0004  1.95360E-03 0.0022  3.71839E-04 0.0051  2.46104E-05 0.0198
  8.44118E-01 0.0000
tfc   13       1       1       1       1       1       1     109       1
        8192000  8.44216E-01  1.02878E-04  4.29794E+04
       16384000  8.44155E-01  0.00000E+00  1.00000E+30
       24576000  8.44157E-01  0.00000E+00  1.00000E+30
       32768000  8.44113E-01  0.00000E+00  1.00000E+30
       40960000  8.44103E-01  0.00000E+00  1.00000E+30
       49152000  8.44105E-01  0.00000E+00  1.00000E+30
       57344000  8.44088E-01  0.00000E+00  1.00000E+30
       65536000  8.44109E-01  0.00000E+00  1.00000E+30
       73728000  8.44124E-01  0.00000E+00  1.00000E+30
       81920000  8.44124E-01  0.00000E+00  1.00000E+30
       90112000  8.44121E-01  0.00000E+00  1.00000E+30
       98304000  8.44115E-01  0.00000E+00  1.00000E+30
      100000000  8.44118E-01  0.00000E+00  1.00000E+30
tally   41                   -1    0    0
 0 1 0 0 0 0 0 0 0 0 0 0 0 0 0 0 0 0 0 0 0 0 0 0 0 0 0 0 0 0 0 0 0 0 0 0 0
f        1
      6
d        1
u        0
s        0
m        0
c        0
et      52
  3.00000E-01  4.00000E-01  5.00000E-01  6.00000E-01  7.00000E-01  8.00000E-01
  9.00000E-01  1.00000E+00  1.10000E+00  1.20000E+00  1.30000E+00  1.40000E+00
  1.50000E+00  1.60000E+00  1.70000E+00  1.80000E+00  1.90000E+00  2.00000E+00
  2.10000E+00  2.20000E+00  2.30000E+00  2.40000E+00  2.50000E+00  2.60000E+00
  2.70000E+00  2.80000E+00  2.90000E+00  3.00000E+00  3.10000E+00  3.20000E+00
  3.30000E+00  3.40000E+00  3.50000E+00  3.60000E+00  3.70000E+00  3.80000E+00
  3.90000E+00  4.00000E+00  4.50000E+00  5.00000E+00  5.50000E+00  6.00000E+00
  6.50000E+00  7.00000E+00  7.50000E+00  8.00000E+00  8.50000E+00  9.00000E+00
  9.50000E+00  1.00000E+01  1.05000E+01
t        0
vals
  1.12591E-01 0.0003  3.67808E-02 0.0005  2.96516E-02 0.0006  3.63984E-02 0.0005
  1.74877E-02 0.0008  1.58832E-02 0.0008  2.00641E-02 0.0007  1.80039E-02 0.0008
  1.37703E-02 0.0009  1.16411E-02 0.0010  1.30243E-02 0.0009  1.31062E-02 0.0009
  1.29482E-02 0.0009  1.15668E-02 0.0009  1.28741E-02 0.0009  5.22891E-02 0.0004
  1.02971E-02 0.0010  6.61853E-03 0.0013  5.57520E-03 0.0014  5.43461E-03 0.0014
  6.09526E-03 0.0013  4.00699E-03 0.0016  4.38365E-03 0.0015  4.58686E-03 0.0015
  4.15857E-03 0.0016  5.60415E-03 0.0014  1.05116E-02 0.0010  4.71744E-03 0.0015
  3.78809E-03 0.0017  4.05688E-03 0.0016  3.33548E-03 0.0018  3.35058E-03 0.0018
  3.21026E-03 0.0018  2.96273E-03 0.0019  3.15119E-03 0.0018  3.09843E-03 0.0018
  2.77144E-03 0.0020  3.79223E-03 0.0017  1.54302E-02 0.0008  1.29348E-02 0.0009
  1.49346E-02 0.0008  8.93193E-03 0.0011  8.28814E-03 0.0011  1.13805E-02 0.0009
  7.52682E-03 0.0012  4.99033E-03 0.0014  3.82209E-03 0.0016  3.12637E-03 0.0018
  2.59665E-03 0.0020  2.31321E-03 0.0021  1.58780E-03 0.0025  6.31452E-01 0.0001
tfc   13       1       1       1       1       1       1      52       1
        8192000  6.30866E-01  4.56708E-04  2.18087E+03
       16384000  6.31079E-01  3.22901E-04  2.20502E+03
       24576000  6.31140E-01  2.63638E-04  2.21187E+03
       32768000  6.31156E-01  2.28297E-04  2.21521E+03
       40960000  6.31248E-01  2.04198E-04  2.21644E+03
       49152000  6.31317E-01  1.86386E-04  2.21957E+03
       57344000  6.31362E-01  1.72552E-04  2.22018E+03
       65536000  6.31343E-01  1.61405E-04  2.22091E+03
       73728000  6.31363E-01  1.52178E-04  2.22178E+03
       81920000  6.31428E-01  1.44362E-04  2.22248E+03
       90112000  6.31426E-01  1.37645E-04  2.22325E+03
       98304000  6.31443E-01  1.31787E-04  2.22374E+03
      100000000  6.31452E-01  1.30664E-04  2.22380E+03
