mcnp       6     03/05/17 21:05:32    19       100000000      4466284359
   Leakage from Co (40cm dia) sphere 3-d surface tally                          
ntal     2
   21   41
tally   21                   -1    0    0
 1 0 0 0 0 0 0 0 0 0 0 0 0 0 0 0 0 0 0 0 0 0 0 0 0 0 0 0 0 0 0 0 0 0 0 0 0
f        1
      6
d        1
u        0
s        0
m        0
c        0
et     106
  1.06260E-01  1.11710E-01  1.17440E-01  1.23460E-01  1.29790E-01  1.36440E-01
  1.43440E-01  1.50790E-01  1.58530E-01  1.66650E-01  1.75200E-01  1.84180E-01
  1.93620E-01  2.03550E-01  2.13990E-01  2.24960E-01  2.36490E-01  2.48620E-01
  2.61360E-01  2.74760E-01  2.88850E-01  3.03660E-01  3.19230E-01  3.35600E-01
  3.52800E-01  3.70890E-01  3.89910E-01  4.09900E-01  4.30920E-01  4.53010E-01
  4.76240E-01  5.00650E-01  5.26320E-01  5.53310E-01  5.81680E-01  6.11500E-01
  6.42850E-01  6.75810E-01  7.10460E-01  7.46890E-01  7.85180E-01  8.25440E-01
  8.67760E-01  9.12250E-01  9.59020E-01  1.00820E+00  1.05990E+00  1.11420E+00
  1.17140E+00  1.23140E+00  1.29450E+00  1.36090E+00  1.43070E+00  1.50400E+00
  1.58120E+00  1.66220E+00  1.74750E+00  1.83700E+00  1.93120E+00  2.03020E+00
  2.13430E+00  2.24380E+00  2.35880E+00  2.47980E+00  2.60690E+00  2.74050E+00
  2.88110E+00  3.02880E+00  3.18410E+00  3.34730E+00  3.51890E+00  3.69930E+00
  3.88900E+00  4.08840E+00  4.29800E+00  4.51840E+00  4.75010E+00  4.99360E+00
  5.24960E+00  5.51880E+00  5.80170E+00  6.09920E+00  6.41190E+00  6.74060E+00
  7.08620E+00  7.44960E+00  7.83150E+00  8.23300E+00  8.65520E+00  9.09890E+00
  9.56540E+00  1.00560E+01  1.05710E+01  1.11130E+01  1.16830E+01  1.22820E+01
  1.29120E+01  1.35740E+01  1.42700E+01  1.50020E+01  1.57710E+01  1.65790E+01
  1.74290E+01  1.83230E+01  1.92620E+01
t        0
vals
  7.60254E-03 0.0011  6.48525E-04 0.0038  8.38099E-04 0.0034  5.73557E-04 0.0041
  8.93820E-04 0.0033  5.77857E-04 0.0041  7.05532E-04 0.0037  8.78282E-04 0.0033
  1.20866E-03 0.0028  1.03505E-03 0.0030  1.09265E-03 0.0030  1.96460E-03 0.0022
  1.25821E-03 0.0028  1.56981E-03 0.0025  1.31966E-03 0.0027  1.38033E-03 0.0026
  1.61217E-03 0.0024  1.95767E-03 0.0022  2.04703E-03 0.0022  2.12535E-03 0.0021
  1.68536E-03 0.0024  2.16135E-03 0.0021  3.15954E-03 0.0017  2.16983E-03 0.0021
  2.85298E-03 0.0018  2.83907E-03 0.0018  2.85532E-03 0.0018  3.80941E-03 0.0016
  3.45991E-03 0.0017  3.82803E-03 0.0016  3.68327E-03 0.0016  3.91667E-03 0.0016
  4.09682E-03 0.0015  4.93993E-03 0.0014  4.87322E-03 0.0014  5.63936E-03 0.0013
  5.61237E-03 0.0013  5.79978E-03 0.0013  5.90318E-03 0.0013  6.22189E-03 0.0012
  6.61953E-03 0.0012  7.13021E-03 0.0012  7.18172E-03 0.0012  7.24051E-03 0.0012
  8.00156E-03 0.0011  7.67025E-03 0.0011  8.30918E-03 0.0011  8.69281E-03 0.0011
  8.41999E-03 0.0011  8.61690E-03 0.0011  7.95632E-03 0.0011  8.17243E-03 0.0011
  8.07003E-03 0.0011  7.99417E-03 0.0011  7.72926E-03 0.0011  7.36422E-03 0.0011
  7.27551E-03 0.0012  7.14098E-03 0.0012  6.79848E-03 0.0012  6.74242E-03 0.0012
  6.51776E-03 0.0012  6.41085E-03 0.0012  6.21040E-03 0.0012  6.12630E-03 0.0013
  6.01713E-03 0.0013  6.29042E-03 0.0012  6.01490E-03 0.0013  5.81914E-03 0.0013
  5.00454E-03 0.0014  4.93395E-03 0.0014  4.82088E-03 0.0014  4.64020E-03 0.0014
  4.35430E-03 0.0015  4.10192E-03 0.0015  4.02764E-03 0.0015  4.09382E-03 0.0015
  3.99429E-03 0.0015  3.83021E-03 0.0016  3.73468E-03 0.0016  3.65229E-03 0.0016
  3.61290E-03 0.0016  3.59594E-03 0.0016  3.51226E-03 0.0016  3.41004E-03 0.0017
  3.30121E-03 0.0017  3.27567E-03 0.0017  3.23380E-03 0.0017  3.16563E-03 0.0017
  3.12193E-03 0.0017  3.09892E-03 0.0018  3.03168E-03 0.0018  2.75391E-03 0.0019
  2.50664E-03 0.0020  2.26663E-03 0.0021  2.24632E-03 0.0021  3.02199E-03 0.0018
  4.66605E-03 0.0014  1.05092E-02 0.0010  1.68413E-01 0.0002  2.75295E-01 0.0002
  1.40352E-01 0.0002  8.62166E-02 0.0003  2.92710E-03 0.0018  6.04741E-04 0.0041
  3.49989E-05 0.0168  1.10269E+00 0.0000
tfc   13       1       1       1       1       1       1     106       1
        8192000  1.10257E+00  0.00000E+00  1.00000E+30
       16384000  1.10262E+00  0.00000E+00  1.00000E+30
       24576000  1.10267E+00  0.00000E+00  1.00000E+30
       32768000  1.10268E+00  0.00000E+00  1.00000E+30
       40960000  1.10269E+00  0.00000E+00  1.00000E+30
       49152000  1.10268E+00  0.00000E+00  1.00000E+30
       57344000  1.10270E+00  0.00000E+00  1.00000E+30
       65536000  1.10271E+00  0.00000E+00  1.00000E+30
       73728000  1.10270E+00  0.00000E+00  1.00000E+30
       81920000  1.10270E+00  0.00000E+00  1.00000E+30
       90112000  1.10269E+00  0.00000E+00  1.00000E+30
       98304000  1.10269E+00  0.00000E+00  1.00000E+30
      100000000  1.10269E+00  0.00000E+00  1.00000E+30
tally   41                   -1    0    0
 0 1 0 0 0 0 0 0 0 0 0 0 0 0 0 0 0 0 0 0 0 0 0 0 0 0 0 0 0 0 0 0 0 0 0 0 0
f        1
      6
d        1
u        0
s        0
m        0
c        0
et      59
  2.00000E-01  3.00000E-01  4.00000E-01  5.00000E-01  6.00000E-01  7.00000E-01
  8.00000E-01  9.00000E-01  1.00000E+00  1.10000E+00  1.20000E+00  1.30000E+00
  1.40000E+00  1.50000E+00  1.60000E+00  1.70000E+00  1.80000E+00  1.90000E+00
  2.00000E+00  2.10000E+00  2.20000E+00  2.30000E+00  2.40000E+00  2.50000E+00
  2.60000E+00  2.70000E+00  2.80000E+00  2.90000E+00  3.00000E+00  3.10000E+00
  3.20000E+00  3.30000E+00  3.40000E+00  3.50000E+00  3.60000E+00  3.70000E+00
  3.80000E+00  3.90000E+00  4.00000E+00  4.20000E+00  4.40000E+00  4.60000E+00
  4.80000E+00  5.00000E+00  5.20000E+00  5.40000E+00  5.60000E+00  5.80000E+00
  6.00000E+00  6.50000E+00  7.00000E+00  7.50000E+00  8.00000E+00  8.50000E+00
  9.00000E+00  9.50000E+00  1.00000E+01  1.05000E+01
t        0
vals
  3.20952E-02 0.0006  3.77134E-02 0.0006  3.37472E-02 0.0006  2.52398E-02 0.0007
  2.68555E-02 0.0007  1.59934E-02 0.0009  1.61269E-02 0.0009  1.83472E-02 0.0008
  1.23536E-02 0.0010  1.75846E-02 0.0008  1.41894E-02 0.0009  1.01512E-02 0.0011
  8.35348E-03 0.0012  1.19587E-02 0.0010  5.23979E-03 0.0015  6.05565E-03 0.0014
  7.33474E-03 0.0013  4.47925E-03 0.0016  3.60589E-03 0.0018  4.39088E-03 0.0016
  4.07353E-03 0.0017  3.82082E-03 0.0018  8.19188E-03 0.0012  4.88648E-03 0.0016
  6.18981E-03 0.0014  1.35702E-02 0.0009  4.18214E-03 0.0017  4.59366E-03 0.0016
  3.75523E-03 0.0018  3.41969E-03 0.0019  3.24948E-03 0.0019  2.95753E-03 0.0020
  2.60970E-03 0.0021  2.43166E-03 0.0022  2.23816E-03 0.0023  2.26548E-03 0.0023
  2.16200E-03 0.0024  1.90877E-03 0.0025  5.09574E-03 0.0015  2.81649E-03 0.0021
  2.54947E-03 0.0022  2.41400E-03 0.0022  2.02201E-03 0.0025  1.81860E-03 0.0026
  1.62738E-03 0.0027  1.48070E-03 0.0029  1.33815E-03 0.0030  1.22011E-03 0.0032
  1.11328E-03 0.0033  2.35353E-03 0.0023  1.81855E-03 0.0026  1.32168E-03 0.0030
  9.16903E-04 0.0036  6.45411E-04 0.0043  4.45569E-04 0.0052  2.78532E-04 0.0066
  1.70072E-04 0.0085  1.05007E-04 0.0108  4.19873E-01 0.0002
tfc   13       1       1       1       1       1       1      59       1
        8192000  4.19555E-01  6.45068E-04  9.16077E+02
       16384000  4.19882E-01  4.56059E-04  9.24234E+02
       24576000  4.19894E-01  3.72313E-04  9.27146E+02
       32768000  4.19930E-01  3.22370E-04  9.28174E+02
       40960000  4.19930E-01  2.88342E-04  9.29306E+02
       49152000  4.19834E-01  2.63252E-04  9.29833E+02
       57344000  4.19872E-01  2.43705E-04  9.30896E+02
       65536000  4.19898E-01  2.27962E-04  9.31865E+02
       73728000  4.19887E-01  2.14923E-04  9.32723E+02
       81920000  4.19893E-01  2.03899E-04  9.32743E+02
       90112000  4.19890E-01  1.94427E-04  9.32997E+02
       98304000  4.19867E-01  1.86154E-04  9.33407E+02
      100000000  4.19873E-01  1.84569E-04  9.33440E+02
