mcnp       6     03/06/17 00:50:07    12       100000000      3622506420
   Leakage from Ti (40cm dia) sphere 3-d surface tally                          
ntal     2
   21   41
tally   21                   -1    0    0
 1 0 0 0 0 0 0 0 0 0 0 0 0 0 0 0 0 0 0 0 0 0 0 0 0 0 0 0 0 0 0 0 0 0 0 0 0
f        1
      6
d        1
u        0
s        0
m        0
c        0
et     138
  7.95200E-02  8.27600E-02  8.61400E-02  8.96500E-02  9.33100E-02  9.71200E-02
  1.01090E-01  1.05210E-01  1.09500E-01  1.13970E-01  1.18620E-01  1.23470E-01
  1.28500E-01  1.33750E-01  1.39210E-01  1.44890E-01  1.50800E-01  1.56960E-01
  1.63360E-01  1.70030E-01  1.76970E-01  1.84190E-01  1.91710E-01  1.99530E-01
  2.07670E-01  2.16150E-01  2.24970E-01  2.34150E-01  2.43710E-01  2.53650E-01
  2.64000E-01  2.74780E-01  2.85990E-01  2.97660E-01  3.09810E-01  3.22450E-01
  3.35610E-01  3.49310E-01  3.63570E-01  3.78400E-01  3.93850E-01  4.09920E-01
  4.26650E-01  4.44060E-01  4.62180E-01  4.81050E-01  5.00680E-01  5.21110E-01
  5.42380E-01  5.64510E-01  5.87550E-01  6.11530E-01  6.36480E-01  6.62460E-01
  6.89500E-01  7.17630E-01  7.46920E-01  7.77400E-01  8.09130E-01  8.42150E-01
  8.76520E-01  9.12290E-01  9.49520E-01  9.88270E-01  1.02860E+00  1.07060E+00
  1.11430E+00  1.15980E+00  1.20710E+00  1.25630E+00  1.30760E+00  1.36100E+00
  1.41650E+00  1.47430E+00  1.53450E+00  1.59710E+00  1.66230E+00  1.73010E+00
  1.80080E+00  1.87420E+00  1.95070E+00  2.03030E+00  2.11320E+00  2.19940E+00
  2.28920E+00  2.38260E+00  2.47990E+00  2.58110E+00  2.68640E+00  2.79600E+00
  2.91010E+00  3.02890E+00  3.15250E+00  3.28120E+00  3.41510E+00  3.55450E+00
  3.69950E+00  3.85050E+00  4.00760E+00  4.17120E+00  4.34140E+00  4.51860E+00
  5.30260E+00  5.51900E+00  5.74430E+00  5.97870E+00  6.22270E+00  6.47660E+00
  6.74100E+00  7.01610E+00  7.30240E+00  7.60040E+00  7.91060E+00  8.23340E+00
  8.56940E+00  8.91920E+00  9.28320E+00  9.66200E+00  1.00560E+01  1.04670E+01
  1.08940E+01  1.13390E+01  1.18010E+01  1.22830E+01  1.27840E+01  1.33060E+01
  1.38490E+01  1.44140E+01  1.50020E+01  1.56150E+01  1.62520E+01  1.69150E+01
  1.76050E+01  1.83240E+01  1.90720E+01  1.98500E+01  2.06600E+01
t        0
vals
  5.02539E-03 0.0014  4.36504E-04 0.0047  2.21752E-04 0.0065  3.11914E-04 0.0055
  3.57235E-04 0.0052  3.54645E-04 0.0052  2.91978E-04 0.0057  3.74766E-04 0.0050
  3.80732E-04 0.0050  4.43035E-04 0.0046  5.44861E-04 0.0042  4.14526E-04 0.0048
  6.11262E-04 0.0040  5.65003E-04 0.0041  6.90920E-04 0.0037  4.95660E-04 0.0044
  6.50812E-04 0.0038  6.85786E-04 0.0037  7.85072E-04 0.0035  9.14192E-04 0.0032
  9.16639E-04 0.0032  1.20599E-03 0.0028  6.76575E-04 0.0037  5.32285E-04 0.0042
  8.34939E-04 0.0034  1.00826E-03 0.0031  1.08564E-03 0.0030  1.22516E-03 0.0028
  1.65510E-03 0.0024  1.06055E-03 0.0030  1.36730E-03 0.0026  1.17912E-03 0.0028
  1.09538E-03 0.0030  1.52046E-03 0.0025  1.95938E-03 0.0022  1.43172E-03 0.0026
  1.83390E-03 0.0023  1.53920E-03 0.0025  1.59049E-03 0.0024  2.21264E-03 0.0021
  2.30722E-03 0.0020  2.26538E-03 0.0021  2.13065E-03 0.0021  2.49535E-03 0.0020
  2.47514E-03 0.0020  2.20111E-03 0.0021  2.41757E-03 0.0020  2.75575E-03 0.0019
  2.78945E-03 0.0019  3.14196E-03 0.0017  3.34543E-03 0.0017  3.47677E-03 0.0017
  3.53537E-03 0.0016  3.97205E-03 0.0016  3.90268E-03 0.0016  3.82033E-03 0.0016
  3.71041E-03 0.0016  3.79538E-03 0.0016  4.19271E-03 0.0015  4.64944E-03 0.0014
  4.66587E-03 0.0014  4.64032E-03 0.0014  5.00203E-03 0.0014  4.81634E-03 0.0014
  5.13388E-03 0.0014  4.88824E-03 0.0014  5.08264E-03 0.0014  5.56793E-03 0.0013
  5.58749E-03 0.0013  5.20238E-03 0.0014  5.55579E-03 0.0013  5.40856E-03 0.0013
  5.20915E-03 0.0014  5.05155E-03 0.0014  5.29685E-03 0.0013  5.18757E-03 0.0014
  5.32082E-03 0.0013  5.25464E-03 0.0014  5.19441E-03 0.0014  5.16294E-03 0.0014
  4.84379E-03 0.0014  4.92499E-03 0.0014  4.84858E-03 0.0014  4.87840E-03 0.0014
  4.90332E-03 0.0014  4.73631E-03 0.0014  4.55620E-03 0.0014  4.61999E-03 0.0014
  4.41479E-03 0.0015  4.61657E-03 0.0014  4.67545E-03 0.0014  4.58172E-03 0.0014
  3.79867E-03 0.0016  3.76961E-03 0.0016  3.72107E-03 0.0016  3.62441E-03 0.0016
  3.48073E-03 0.0017  3.29697E-03 0.0017  3.28281E-03 0.0017  3.18426E-03 0.0017
  3.10837E-03 0.0017  3.09026E-03 0.0018  1.15132E-02 0.0009  2.77861E-03 0.0018
  2.68081E-03 0.0019  2.66941E-03 0.0019  2.60977E-03 0.0019  2.53467E-03 0.0019
  2.52291E-03 0.0019  2.43419E-03 0.0020  2.40845E-03 0.0020  2.37433E-03 0.0020
  2.33812E-03 0.0020  2.31070E-03 0.0020  2.28227E-03 0.0020  2.27015E-03 0.0020
  2.33897E-03 0.0020  2.41453E-03 0.0020  2.49628E-03 0.0020  2.71047E-03 0.0019
  2.69844E-03 0.0019  3.00915E-03 0.0018  3.28974E-03 0.0017  3.79076E-03 0.0016
  1.23096E-02 0.0009  1.44725E-02 0.0008  9.07286E-02 0.0003  1.65166E-01 0.0002
  1.69422E-01 0.0002  9.50293E-02 0.0003  9.72393E-02 0.0003  4.81572E-02 0.0004
  2.36623E-04 0.0065  2.39608E-04 0.0064  1.12833E-04 0.0094  1.13436E-04 0.0094
  5.68282E-05 0.0132  1.05781E+00 0.0000
tfc   13       1       1       1       1       1       1     138       1
        8192000  1.05779E+00  0.00000E+00  1.00000E+30
       16384000  1.05779E+00  0.00000E+00  1.00000E+30
       24576000  1.05779E+00  0.00000E+00  1.00000E+30
       32768000  1.05778E+00  0.00000E+00  1.00000E+30
       40960000  1.05779E+00  0.00000E+00  1.00000E+30
       49152000  1.05778E+00  0.00000E+00  1.00000E+30
       57344000  1.05778E+00  0.00000E+00  1.00000E+30
       65536000  1.05780E+00  0.00000E+00  1.00000E+30
       73728000  1.05780E+00  0.00000E+00  1.00000E+30
       81920000  1.05782E+00  0.00000E+00  1.00000E+30
       90112000  1.05780E+00  0.00000E+00  1.00000E+30
       98304000  1.05781E+00  0.00000E+00  1.00000E+30
      100000000  1.05781E+00  0.00000E+00  1.00000E+30
tally   41                   -1    0    0
 0 1 0 0 0 0 0 0 0 0 0 0 0 0 0 0 0 0 0 0 0 0 0 0 0 0 0 0 0 0 0 0 0 0 0 0 0
f        1
      6
d        1
u        0
s        0
m        0
c        0
et      51
  5.00000E-01  6.00000E-01  7.00000E-01  8.00000E-01  9.00000E-01  1.00000E+00
  1.10000E+00  1.20000E+00  1.30000E+00  1.40000E+00  1.50000E+00  1.60000E+00
  1.70000E+00  1.80000E+00  1.90000E+00  2.00000E+00  2.10000E+00  2.20000E+00
  2.30000E+00  2.40000E+00  2.50000E+00  2.60000E+00  2.70000E+00  2.80000E+00
  2.90000E+00  3.00000E+00  3.10000E+00  3.20000E+00  3.30000E+00  3.40000E+00
  3.50000E+00  3.60000E+00  3.70000E+00  3.80000E+00  3.90000E+00  4.00000E+00
  4.20000E+00  4.40000E+00  4.60000E+00  4.80000E+00  5.00000E+00  5.20000E+00
  5.40000E+00  5.60000E+00  5.80000E+00  6.00000E+00  7.00000E+00  8.00000E+00
  9.00000E+00  1.00000E+01
t        0
vals
  1.21917E-01 0.0003  2.44867E-02 0.0007  1.40644E-02 0.0009  1.35928E-02 0.0009
  2.21390E-02 0.0007  5.14330E-02 0.0005  1.04360E-02 0.0011  9.03707E-03 0.0011
  8.93875E-03 0.0011  1.63215E-02 0.0008  1.13213E-02 0.0010  7.50789E-03 0.0012
  4.53512E-03 0.0016  4.26875E-03 0.0016  4.47605E-03 0.0016  3.29492E-03 0.0019
  4.67325E-03 0.0016  3.44519E-03 0.0018  4.96395E-03 0.0015  7.69347E-03 0.0012
  3.14110E-03 0.0019  3.01059E-03 0.0020  5.10054E-03 0.0015  4.11167E-03 0.0017
  3.71332E-03 0.0018  2.87444E-03 0.0020  2.98107E-03 0.0020  2.98747E-03 0.0020
  2.87757E-03 0.0020  2.80927E-03 0.0020  2.55956E-03 0.0021  2.50783E-03 0.0021
  2.76862E-03 0.0020  2.73522E-03 0.0021  2.59282E-03 0.0021  2.10517E-03 0.0023
  4.01383E-03 0.0017  3.67682E-03 0.0018  3.40430E-03 0.0018  3.06237E-03 0.0019
  2.81101E-03 0.0020  2.57217E-03 0.0021  2.35843E-03 0.0022  2.17040E-03 0.0023
  1.99283E-03 0.0024  1.83431E-03 0.0025  7.25058E-03 0.0013  4.66171E-03 0.0016
  2.41424E-03 0.0022  1.28549E-03 0.0030  4.40931E-01 0.0002
tfc   13       1       1       1       1       1       1      51       1
        8192000  4.40788E-01  6.22827E-04  1.65827E+03
       16384000  4.40919E-01  4.40332E-04  1.68907E+03
       24576000  4.40953E-01  3.59501E-04  1.70146E+03
       32768000  4.40933E-01  3.11248E-04  1.70892E+03
       40960000  4.40931E-01  2.78387E-04  1.71159E+03
       49152000  4.40879E-01  2.54170E-04  1.71392E+03
       57344000  4.40945E-01  2.35287E-04  1.71618E+03
       65536000  4.40939E-01  2.20096E-04  1.71766E+03
       73728000  4.40936E-01  2.07496E-04  1.71871E+03
       81920000  4.40950E-01  1.96853E-04  1.71894E+03
       90112000  4.40911E-01  1.87701E-04  1.71975E+03
       98304000  4.40920E-01  1.79709E-04  1.72044E+03
      100000000  4.40931E-01  1.78177E-04  1.72055E+03
