mcnp       6     03/05/17 20:31:26    15       100000000      3120777495
   Leakage from Al (40cm dia) sphere 3-d surface tally                          
ntal     2
   21   41
tally   21                   -1    0    0
 1 0 0 0 0 0 0 0 0 0 0 0 0 0 0 0 0 0 0 0 0 0 0 0 0 0 0 0 0 0 0 0 0 0 0 0 0
f        1
      6
d        1
u        0
s        0
m        0
c        0
et     135
  1.01090E-01  1.05210E-01  1.09500E-01  1.13970E-01  1.18620E-01  1.23470E-01
  1.28500E-01  1.33750E-01  1.39210E-01  1.44890E-01  1.50800E-01  1.56960E-01
  1.63360E-01  1.70030E-01  1.76970E-01  1.84190E-01  1.91710E-01  1.99530E-01
  2.07670E-01  2.16150E-01  2.24970E-01  2.34150E-01  2.43710E-01  2.53650E-01
  2.64000E-01  2.74780E-01  2.85990E-01  2.97660E-01  3.09810E-01  3.22450E-01
  3.35610E-01  3.49310E-01  3.63570E-01  3.78400E-01  3.93850E-01  4.09920E-01
  4.26650E-01  4.44060E-01  4.62180E-01  4.81050E-01  5.00680E-01  5.21110E-01
  5.42380E-01  5.64510E-01  5.87550E-01  6.11530E-01  6.36480E-01  6.62460E-01
  6.89500E-01  7.17630E-01  7.46920E-01  7.77400E-01  8.09130E-01  8.42150E-01
  8.76520E-01  9.12290E-01  9.49520E-01  9.88270E-01  1.02860E+00  1.07060E+00
  1.11430E+00  1.15980E+00  1.20710E+00  1.25630E+00  1.30760E+00  1.36100E+00
  1.41650E+00  1.47430E+00  1.53450E+00  1.59710E+00  1.66230E+00  1.73010E+00
  1.80080E+00  1.87420E+00  1.95070E+00  2.03030E+00  2.11320E+00  2.19940E+00
  2.28920E+00  2.38260E+00  2.47990E+00  2.58110E+00  2.68640E+00  2.79600E+00
  2.91010E+00  3.02890E+00  3.15250E+00  3.28120E+00  3.41510E+00  3.55450E+00
  3.69950E+00  3.85050E+00  4.00760E+00  4.17120E+00  4.34140E+00  4.51860E+00
  4.70300E+00  4.89490E+00  5.09470E+00  5.30260E+00  5.51900E+00  5.74430E+00
  5.97870E+00  6.22270E+00  6.47660E+00  6.74100E+00  7.01610E+00  7.30240E+00
  7.60040E+00  7.91060E+00  8.23340E+00  8.56940E+00  8.91920E+00  9.28320E+00
  9.66200E+00  1.00560E+01  1.04670E+01  1.08940E+01  1.13390E+01  1.18010E+01
  1.22830E+01  1.27840E+01  1.33060E+01  1.38490E+01  1.44140E+01  1.50020E+01
  1.56150E+01  1.62520E+01  1.69150E+01  1.76050E+01  1.83240E+01  1.90720E+01
  1.98500E+01  2.06600E+01
t        0
vals
  2.85957E-03 0.0018  1.78808E-04 0.0071  2.55121E-04 0.0059  2.97239E-04 0.0055
  2.63140E-04 0.0058  1.79179E-04 0.0071  6.71176E-04 0.0037  7.57401E-04 0.0035
  5.16866E-04 0.0042  1.68758E-04 0.0073  1.48104E-04 0.0078  1.66939E-04 0.0073
  1.47920E-04 0.0078  2.98200E-04 0.0055  3.91803E-04 0.0048  5.48584E-04 0.0041
  5.45792E-04 0.0041  5.32757E-04 0.0041  3.14787E-04 0.0054  3.27574E-04 0.0053
  4.14548E-04 0.0047  5.66482E-04 0.0040  6.86443E-04 0.0036  8.54008E-04 0.0033
  9.93597E-04 0.0030  1.48595E-03 0.0025  7.08184E-04 0.0036  6.32805E-04 0.0038
  8.32126E-04 0.0033  7.85651E-04 0.0034  1.08409E-03 0.0029  1.36393E-03 0.0026
  1.53485E-03 0.0024  9.14386E-04 0.0032  1.78225E-03 0.0023  1.59456E-03 0.0024
  1.09579E-03 0.0029  1.18408E-03 0.0028  1.34044E-03 0.0026  1.51109E-03 0.0025
  1.74428E-03 0.0023  1.92322E-03 0.0022  1.50910E-03 0.0025  1.89887E-03 0.0022
  1.76269E-03 0.0023  2.41172E-03 0.0019  2.15033E-03 0.0021  1.87408E-03 0.0022
  2.56211E-03 0.0019  2.78394E-03 0.0018  2.91368E-03 0.0018  2.60778E-03 0.0019
  1.83974E-03 0.0022  2.41571E-03 0.0019  2.27058E-03 0.0020  2.79302E-03 0.0018
  3.11746E-03 0.0017  3.10271E-03 0.0017  3.32909E-03 0.0017  3.32837E-03 0.0017
  3.64300E-03 0.0016  3.05487E-03 0.0017  2.81022E-03 0.0018  3.22733E-03 0.0017
  3.25812E-03 0.0017  3.66152E-03 0.0016  3.43445E-03 0.0016  3.26868E-03 0.0017
  3.46549E-03 0.0016  3.34250E-03 0.0016  3.60630E-03 0.0016  3.37094E-03 0.0016
  3.36737E-03 0.0016  3.87263E-03 0.0015  3.43044E-03 0.0016  3.37865E-03 0.0016
  3.28784E-03 0.0017  3.33819E-03 0.0016  3.33024E-03 0.0016  3.46102E-03 0.0016
  3.93907E-03 0.0015  3.22348E-03 0.0017  3.43851E-03 0.0016  3.46837E-03 0.0016
  3.63081E-03 0.0016  3.46052E-03 0.0016  3.07099E-03 0.0017  3.09172E-03 0.0017
  3.06005E-03 0.0017  3.14707E-03 0.0017  3.03753E-03 0.0017  2.99091E-03 0.0017
  3.06520E-03 0.0017  2.96456E-03 0.0017  2.99125E-03 0.0017  3.01672E-03 0.0017
  2.96320E-03 0.0017  2.95709E-03 0.0017  2.87645E-03 0.0018  2.87061E-03 0.0018
  2.81377E-03 0.0018  2.80512E-03 0.0018  2.76604E-03 0.0018  2.74310E-03 0.0018
  2.69792E-03 0.0018  2.68880E-03 0.0018  2.58749E-03 0.0018  2.58092E-03 0.0018
  2.54173E-03 0.0019  2.46405E-03 0.0019  2.40556E-03 0.0019  2.30003E-03 0.0020
  2.19646E-03 0.0020  2.20685E-03 0.0020  2.15531E-03 0.0020  2.15112E-03 0.0020
  2.44615E-03 0.0019  2.75496E-03 0.0018  3.31996E-03 0.0016  3.92296E-03 0.0015
  4.69130E-03 0.0014  1.01422E-02 0.0009  1.44154E-02 0.0008  9.91807E-02 0.0003
  1.80202E-01 0.0002  1.82314E-01 0.0002  8.46035E-02 0.0003  8.57154E-02 0.0003
  4.18440E-02 0.0005  1.75434E-04 0.0075  1.72809E-04 0.0076  5.42676E-06 0.0427
  6.01022E-06 0.0406  2.84345E-06 0.0592  9.66167E-01 0.0000
tfc   13       1       1       1       1       1       1     135       1
        8192000  9.66236E-01  0.00000E+00  1.00000E+30
       16384000  9.66200E-01  0.00000E+00  1.00000E+30
       24576000  9.66182E-01  0.00000E+00  1.00000E+30
       32768000  9.66168E-01  0.00000E+00  1.00000E+30
       40960000  9.66166E-01  0.00000E+00  1.00000E+30
       49152000  9.66163E-01  0.00000E+00  1.00000E+30
       57344000  9.66160E-01  0.00000E+00  1.00000E+30
       65536000  9.66172E-01  0.00000E+00  1.00000E+30
       73728000  9.66174E-01  0.00000E+00  1.00000E+30
       81920000  9.66173E-01  0.00000E+00  1.00000E+30
       90112000  9.66170E-01  0.00000E+00  1.00000E+30
       98304000  9.66167E-01  0.00000E+00  1.00000E+30
      100000000  9.66167E-01  0.00000E+00  1.00000E+30
tally   41                   -1    0    0
 0 1 0 0 0 0 0 0 0 0 0 0 0 0 0 0 0 0 0 0 0 0 0 0 0 0 0 0 0 0 0 0 0 0 0 0 0
f        1
      6
d        1
u        0
s        0
m        0
c        0
et      58
  5.00000E-01  6.00000E-01  7.00000E-01  8.00000E-01  9.00000E-01  1.00000E+00
  1.10000E+00  1.20000E+00  1.30000E+00  1.40000E+00  1.50000E+00  1.60000E+00
  1.70000E+00  1.80000E+00  1.90000E+00  2.00000E+00  2.10000E+00  2.20000E+00
  2.30000E+00  2.40000E+00  2.50000E+00  2.60000E+00  2.70000E+00  2.80000E+00
  2.90000E+00  3.00000E+00  3.10000E+00  3.20000E+00  3.30000E+00  3.40000E+00
  3.50000E+00  3.60000E+00  3.70000E+00  3.80000E+00  3.90000E+00  4.00000E+00
  4.10000E+00  4.20000E+00  4.30000E+00  4.40000E+00  4.50000E+00  4.60000E+00
  4.70000E+00  4.80000E+00  4.90000E+00  5.00000E+00  5.50000E+00  6.00000E+00
  6.50000E+00  7.00000E+00  7.50000E+00  8.00000E+00  8.50000E+00  9.00000E+00
  9.50000E+00  1.00000E+01  1.05000E+01
t        0
vals
  1.12194E-01 0.0003  1.88105E-02 0.0008  1.02798E-02 0.0010  1.14778E-02 0.0010
  1.80225E-02 0.0008  1.35620E-02 0.0009  1.68696E-02 0.0008  7.26063E-03 0.0012
  7.07309E-03 0.0013  8.38689E-03 0.0012  8.13143E-03 0.0012  6.58067E-03 0.0013
  8.23885E-03 0.0011  1.04225E-02 0.0010  1.03883E-02 0.0010  7.04073E-03 0.0012
  5.97816E-03 0.0013  6.00229E-03 0.0013  1.58559E-02 0.0008  3.15079E-03 0.0019
  3.86156E-03 0.0017  2.89972E-03 0.0019  3.18934E-03 0.0019  3.09109E-03 0.0019
  3.22053E-03 0.0018  5.10770E-03 0.0014  9.57103E-03 0.0010  2.65347E-03 0.0020
  3.42029E-03 0.0018  1.82199E-03 0.0025  1.87128E-03 0.0024  2.08840E-03 0.0023
  1.91407E-03 0.0024  2.37601E-03 0.0021  1.55362E-03 0.0027  2.03729E-03 0.0023
  1.76296E-03 0.0025  1.40919E-03 0.0028  2.00313E-03 0.0023  1.73287E-03 0.0025
  1.97475E-03 0.0023  2.29509E-03 0.0021  1.34680E-03 0.0028  1.32184E-03 0.0029
  1.96265E-03 0.0023  1.25465E-03 0.0029  6.85992E-03 0.0012  5.94681E-03 0.0013
  5.11608E-03 0.0014  4.32354E-03 0.0016  3.34010E-03 0.0018  2.90180E-03 0.0019
  2.34162E-03 0.0021  1.80582E-03 0.0024  1.25462E-03 0.0029  7.96926E-04 0.0036
  5.32614E-04 0.0044  4.08687E-01 0.0002
tfc   13       1       1       1       1       1       1      58       1
        8192000  4.08530E-01  6.14646E-04  1.34842E+03
       16384000  4.08804E-01  4.34487E-04  1.35733E+03
       24576000  4.08733E-01  3.54725E-04  1.29272E+03
       32768000  4.08707E-01  3.07148E-04  1.30283E+03
       40960000  4.08705E-01  2.74709E-04  1.31670E+03
       49152000  4.08636E-01  2.50808E-04  1.32560E+03
       57344000  4.08642E-01  2.32179E-04  1.33311E+03
       65536000  4.08677E-01  2.17180E-04  1.33862E+03
       73728000  4.08680E-01  2.04753E-04  1.34244E+03
       81920000  4.08683E-01  1.94245E-04  1.34559E+03
       90112000  4.08695E-01  1.85209E-04  1.34764E+03
       98304000  4.08682E-01  1.77334E-04  1.34997E+03
      100000000  4.08687E-01  1.75824E-04  1.34988E+03
