mcnp       6     03/06/17 01:27:45    22       100000000     21149900092
   Leakage from Zr (61cm dia) sphere 3-d surface tally                          
ntal     1
   21
tally   21                   -1    0    0
 1 0 0 0 0 0 0 0 0 0 0 0 0 0 0 0 0 0 0 0 0 0 0 0 0 0 0 0 0 0 0 0 0 0 0 0 0
f        1
      6
d        1
u        0
s        0
m        0
c        0
et     153
  4.92000E-02  5.12100E-02  5.33000E-02  5.54800E-02  5.77400E-02  6.01000E-02
  6.25500E-02  6.51000E-02  6.77600E-02  7.05300E-02  7.34000E-02  7.64000E-02
  7.95200E-02  8.27600E-02  8.61400E-02  8.96500E-02  9.33100E-02  9.71200E-02
  1.01090E-01  1.05210E-01  1.09500E-01  1.13970E-01  1.18620E-01  1.23470E-01
  1.28500E-01  1.33750E-01  1.39210E-01  1.44890E-01  1.50800E-01  1.56960E-01
  1.63360E-01  1.70030E-01  1.76970E-01  1.84190E-01  1.91710E-01  1.99530E-01
  2.07670E-01  2.16150E-01  2.24970E-01  2.34150E-01  2.43710E-01  2.53650E-01
  2.64000E-01  2.74780E-01  2.85990E-01  2.97660E-01  3.09810E-01  3.22450E-01
  3.35610E-01  3.49310E-01  3.63570E-01  3.78400E-01  3.93850E-01  4.09920E-01
  4.26650E-01  4.44060E-01  4.62180E-01  4.81050E-01  5.00680E-01  5.21110E-01
  5.42380E-01  5.64510E-01  5.87550E-01  6.11530E-01  6.36480E-01  6.62460E-01
  6.89500E-01  7.17630E-01  7.46920E-01  7.77400E-01  8.09130E-01  8.42150E-01
  8.76520E-01  9.12290E-01  9.49520E-01  9.88270E-01  1.02860E+00  1.07060E+00
  1.11430E+00  1.15980E+00  1.20710E+00  1.25630E+00  1.30760E+00  1.36100E+00
  1.41650E+00  1.47430E+00  1.53450E+00  1.59710E+00  1.66230E+00  1.73010E+00
  1.80080E+00  1.87420E+00  1.95070E+00  2.03030E+00  2.11320E+00  2.19940E+00
  2.28920E+00  2.38260E+00  2.47990E+00  2.58110E+00  2.68640E+00  2.79600E+00
  2.91010E+00  3.02890E+00  3.15250E+00  3.28120E+00  3.41510E+00  3.55450E+00
  3.69950E+00  3.85050E+00  4.00760E+00  4.17120E+00  4.34140E+00  4.51860E+00
  4.70300E+00  4.89490E+00  5.09470E+00  5.30260E+00  5.51900E+00  5.74430E+00
  5.97870E+00  6.22270E+00  6.47660E+00  6.74100E+00  7.01610E+00  7.30240E+00
  7.60040E+00  7.91060E+00  8.23340E+00  8.56940E+00  8.91920E+00  9.28320E+00
  9.66200E+00  1.00560E+01  1.04670E+01  1.08940E+01  1.13390E+01  1.18010E+01
  1.22830E+01  1.27840E+01  1.33060E+01  1.38490E+01  1.44140E+01  1.50020E+01
  1.56150E+01  1.62520E+01  1.69150E+01  1.76050E+01  1.83240E+01  1.90720E+01
  1.98500E+01  2.06600E+01
t        0
vals
  1.00929E-02 0.0010  6.79367E-04 0.0038  7.66400E-04 0.0035  8.22874E-04 0.0034
  1.11572E-03 0.0029  7.07284E-04 0.0037  1.06003E-03 0.0030  9.84927E-04 0.0031
  9.22050E-04 0.0032  1.44889E-03 0.0026  1.11627E-03 0.0029  8.02541E-04 0.0035
  1.59149E-03 0.0025  1.43065E-03 0.0026  9.07736E-04 0.0033  1.30100E-03 0.0027
  1.66031E-03 0.0024  1.61796E-03 0.0024  1.52836E-03 0.0025  1.78167E-03 0.0023
  1.56817E-03 0.0025  2.12064E-03 0.0021  2.46450E-03 0.0020  2.29556E-03 0.0020
  3.12095E-03 0.0018  3.21362E-03 0.0017  4.19763E-03 0.0015  2.86446E-03 0.0018
  3.31396E-03 0.0017  3.60991E-03 0.0016  3.92779E-03 0.0016  3.33816E-03 0.0017
  3.82554E-03 0.0016  4.19302E-03 0.0015  3.85292E-03 0.0016  5.19041E-03 0.0014
  5.22262E-03 0.0014  5.42545E-03 0.0013  5.22497E-03 0.0014  5.21286E-03 0.0014
  5.37817E-03 0.0013  5.57770E-03 0.0013  6.76801E-03 0.0012  7.82628E-03 0.0011
  6.43116E-03 0.0012  7.65911E-03 0.0011  9.73489E-03 0.0010  1.00842E-02 0.0010
  9.31426E-03 0.0010  9.99717E-03 0.0010  1.01910E-02 0.0010  1.05831E-02 0.0010
  1.01879E-02 0.0010  9.47255E-03 0.0010  9.25821E-03 0.0010  1.00706E-02 0.0010
  1.03975E-02 0.0010  1.10430E-02 0.0009  1.28875E-02 0.0009  1.25281E-02 0.0009
  1.20707E-02 0.0009  1.27282E-02 0.0009  1.36745E-02 0.0008  1.53282E-02 0.0008
  1.47709E-02 0.0008  1.48924E-02 0.0008  1.41713E-02 0.0008  1.47222E-02 0.0008
  1.42689E-02 0.0008  1.49261E-02 0.0008  1.61974E-02 0.0008  1.61461E-02 0.0008
  1.49404E-02 0.0008  1.52579E-02 0.0008  1.53442E-02 0.0008  1.50780E-02 0.0008
  1.49764E-02 0.0008  1.44752E-02 0.0008  1.46472E-02 0.0008  1.42734E-02 0.0008
  1.44670E-02 0.0008  1.39031E-02 0.0008  1.36476E-02 0.0008  1.37786E-02 0.0008
  1.38748E-02 0.0008  1.33296E-02 0.0009  1.33850E-02 0.0009  1.28407E-02 0.0009
  1.25921E-02 0.0009  1.22740E-02 0.0009  1.17555E-02 0.0009  1.11866E-02 0.0009
  1.05928E-02 0.0010  1.02392E-02 0.0010  9.71198E-03 0.0010  9.18593E-03 0.0010
  8.44691E-03 0.0011  7.82346E-03 0.0011  7.31329E-03 0.0012  6.94898E-03 0.0012
  6.72825E-03 0.0012  6.49185E-03 0.0012  6.10801E-03 0.0013  5.73512E-03 0.0013
  5.04207E-03 0.0014  4.72745E-03 0.0014  4.48229E-03 0.0015  4.27179E-03 0.0015
  4.03831E-03 0.0016  3.79132E-03 0.0016  3.61307E-03 0.0016  3.41902E-03 0.0017
  3.20928E-03 0.0017  3.04788E-03 0.0018  2.85301E-03 0.0018  2.68801E-03 0.0019
  2.51466E-03 0.0020  2.35523E-03 0.0020  2.20952E-03 0.0021  2.05589E-03 0.0022
  1.95285E-03 0.0022  1.85066E-03 0.0023  1.75374E-03 0.0024  1.68700E-03 0.0024
  1.62033E-03 0.0024  1.58726E-03 0.0025  1.56583E-03 0.0025  1.56490E-03 0.0025
  1.58480E-03 0.0025  1.62470E-03 0.0024  1.67541E-03 0.0024  1.76016E-03 0.0023
  1.84019E-03 0.0023  1.89468E-03 0.0023  2.01750E-03 0.0022  2.22538E-03 0.0021
  2.60768E-03 0.0019  2.89652E-03 0.0018  3.16572E-03 0.0018  7.07246E-03 0.0012
  8.21893E-03 0.0011  5.14282E-02 0.0004  8.82616E-02 0.0003  8.86512E-02 0.0003
  5.04311E-02 0.0004  5.13768E-02 0.0004  2.39178E-02 0.0006  1.23406E-04 0.0089
  1.22562E-04 0.0090  5.93766E-05 0.0129  5.94115E-05 0.0129  2.79903E-05 0.0188
  1.29811E+00 0.0000
tfc   13       1       1       1       1       1       1     153       1
        8192000  1.29766E+00  1.25216E-04  2.06925E+04
       16384000  1.29784E+00  0.00000E+00  1.00000E+30
       24576000  1.29799E+00  0.00000E+00  1.00000E+30
       32768000  1.29804E+00  0.00000E+00  1.00000E+30
       40960000  1.29803E+00  0.00000E+00  1.00000E+30
       49152000  1.29806E+00  0.00000E+00  1.00000E+30
       57344000  1.29803E+00  0.00000E+00  1.00000E+30
       65536000  1.29807E+00  0.00000E+00  1.00000E+30
       73728000  1.29808E+00  0.00000E+00  1.00000E+30
       81920000  1.29807E+00  0.00000E+00  1.00000E+30
       90112000  1.29809E+00  0.00000E+00  1.00000E+30
       98304000  1.29811E+00  0.00000E+00  1.00000E+30
      100000000  1.29811E+00  0.00000E+00  1.00000E+30
