mcnp       6     03/05/17 22:24:11     7        10000000      6704372706
   Leakage from Cu (61cm dia) sphere 3-d surface tally                          
ntal     2
   21   41
tally   21                   -1    0    0
 1 0 0 0 0 0 0 0 0 0 0 0 0 0 0 0 0 0 0 0 0 0 0 0 0 0 0 0 0 0 0 0 0 0 0 0 0
f        1
      6
d        1
u        0
s        0
m        0
c        0
et     141
  7.95200E-02  8.27600E-02  8.61400E-02  8.96500E-02  9.33100E-02  9.71200E-02
  1.01090E-01  1.05210E-01  1.09500E-01  1.13970E-01  1.18620E-01  1.23470E-01
  1.28500E-01  1.33750E-01  1.39210E-01  1.44890E-01  1.50800E-01  1.56960E-01
  1.63360E-01  1.70030E-01  1.76970E-01  1.84190E-01  1.91710E-01  1.99530E-01
  2.07670E-01  2.16150E-01  2.24970E-01  2.34150E-01  2.43710E-01  2.53650E-01
  2.64000E-01  2.74780E-01  2.85990E-01  2.97660E-01  3.09810E-01  3.22450E-01
  3.35610E-01  3.49310E-01  3.63570E-01  3.78400E-01  3.93850E-01  4.09920E-01
  4.26650E-01  4.44060E-01  4.62180E-01  4.81050E-01  5.00680E-01  5.21110E-01
  5.42380E-01  5.64510E-01  5.87550E-01  6.11530E-01  6.36480E-01  6.62460E-01
  6.89500E-01  7.17630E-01  7.46920E-01  7.77400E-01  8.09130E-01  8.42150E-01
  8.76520E-01  9.12290E-01  9.49520E-01  9.88270E-01  1.02860E+00  1.07060E+00
  1.11430E+00  1.15980E+00  1.20710E+00  1.25630E+00  1.30760E+00  1.36100E+00
  1.41650E+00  1.47430E+00  1.53450E+00  1.59710E+00  1.66230E+00  1.73010E+00
  1.80080E+00  1.87420E+00  1.95070E+00  2.03030E+00  2.11320E+00  2.19940E+00
  2.28920E+00  2.38260E+00  2.47990E+00  2.58110E+00  2.68640E+00  2.79600E+00
  2.91010E+00  3.02890E+00  3.15250E+00  3.28120E+00  3.41510E+00  3.55450E+00
  3.69950E+00  3.85050E+00  4.00760E+00  4.17120E+00  4.34140E+00  4.51860E+00
  4.70300E+00  4.89490E+00  5.09470E+00  5.30260E+00  5.51900E+00  5.74430E+00
  5.97870E+00  6.22270E+00  6.47660E+00  6.74100E+00  7.01610E+00  7.30240E+00
  7.60040E+00  7.91060E+00  8.23340E+00  8.56940E+00  8.91920E+00  9.28320E+00
  9.66200E+00  1.00560E+01  1.04670E+01  1.08940E+01  1.13390E+01  1.18010E+01
  1.22830E+01  1.27840E+01  1.33060E+01  1.38490E+01  1.44140E+01  1.50020E+01
  1.56150E+01  1.62520E+01  1.69150E+01  1.76050E+01  1.83240E+01  1.90720E+01
  1.98500E+01  2.06600E+01
t        0
vals
  1.48106E-01 0.0007  6.48171E-03 0.0035  3.15839E-03 0.0050  5.96051E-03 0.0037
  5.04812E-03 0.0040  5.45575E-03 0.0038  5.80098E-03 0.0037  5.92129E-03 0.0037
  5.68060E-03 0.0038  6.19821E-03 0.0036  8.75591E-03 0.0030  1.04218E-02 0.0028
  7.08660E-03 0.0034  9.11463E-03 0.0030  8.87443E-03 0.0030  4.76184E-03 0.0042
  8.63422E-03 0.0031  8.54741E-03 0.0031  1.04793E-02 0.0028  1.08017E-02 0.0028
  9.90978E-03 0.0029  1.37635E-02 0.0025  1.03398E-02 0.0029  8.34809E-03 0.0032
  9.65151E-03 0.0030  1.20633E-02 0.0027  1.14487E-02 0.0027  1.24732E-02 0.0026
  1.20588E-02 0.0027  1.01630E-02 0.0029  1.45019E-02 0.0024  1.75843E-02 0.0022
  1.32214E-02 0.0026  1.31361E-02 0.0026  1.37055E-02 0.0025  1.49328E-02 0.0024
  1.50548E-02 0.0024  1.69061E-02 0.0023  1.72697E-02 0.0022  1.62637E-02 0.0023
  1.71341E-02 0.0023  1.60669E-02 0.0023  1.64270E-02 0.0023  1.59089E-02 0.0023
  1.51902E-02 0.0024  1.49624E-02 0.0024  1.54978E-02 0.0024  1.63484E-02 0.0023
  1.62911E-02 0.0023  1.63524E-02 0.0023  1.66281E-02 0.0023  1.78063E-02 0.0022
  1.61651E-02 0.0023  1.63331E-02 0.0023  1.58438E-02 0.0024  1.58605E-02 0.0024
  1.35103E-02 0.0026  1.38123E-02 0.0025  1.18674E-02 0.0028  1.14525E-02 0.0028
  1.15240E-02 0.0028  1.09827E-02 0.0029  1.01276E-02 0.0030  9.24667E-03 0.0031
  8.18883E-03 0.0033  7.63958E-03 0.0034  7.62855E-03 0.0035  8.11208E-03 0.0033
  7.65677E-03 0.0034  6.90345E-03 0.0036  6.43774E-03 0.0038  6.24754E-03 0.0038
  5.76576E-03 0.0040  5.42929E-03 0.0041  5.01202E-03 0.0043  4.68752E-03 0.0044
  4.47159E-03 0.0045  4.34324E-03 0.0046  3.94342E-03 0.0048  3.91487E-03 0.0048
  3.47928E-03 0.0051  3.37331E-03 0.0052  3.18651E-03 0.0054  3.03044E-03 0.0055
  2.91423E-03 0.0056  2.69827E-03 0.0058  2.54914E-03 0.0060  2.42703E-03 0.0061
  2.31598E-03 0.0063  2.23492E-03 0.0064  2.13439E-03 0.0065  2.03828E-03 0.0067
  1.89988E-03 0.0069  1.81973E-03 0.0071  1.72874E-03 0.0072  1.68208E-03 0.0073
  1.63763E-03 0.0074  1.56538E-03 0.0076  1.53340E-03 0.0077  1.51340E-03 0.0077
  1.44504E-03 0.0079  1.38728E-03 0.0081  1.36219E-03 0.0081  1.34726E-03 0.0082
  1.33701E-03 0.0082  1.33519E-03 0.0082  1.29694E-03 0.0083  1.29354E-03 0.0083
  1.28821E-03 0.0083  1.28196E-03 0.0084  1.25779E-03 0.0084  1.25797E-03 0.0084
  1.27353E-03 0.0084  1.24542E-03 0.0085  1.26867E-03 0.0084  1.26701E-03 0.0084
  1.26446E-03 0.0084  1.28756E-03 0.0083  1.24033E-03 0.0085  1.22886E-03 0.0085
  1.20576E-03 0.0086  1.15564E-03 0.0088  1.07642E-03 0.0091  9.50459E-04 0.0097
  7.92729E-04 0.0106  6.41537E-04 0.0118  6.43988E-04 0.0118  1.02216E-03 0.0094
  1.54154E-03 0.0076  1.27866E-02 0.0027  2.09892E-02 0.0021  2.01908E-02 0.0021
  7.91658E-03 0.0034  7.98092E-03 0.0034  3.40159E-03 0.0053  1.01778E-05 0.0968
  9.91491E-06 0.0986  2.74794E-06 0.1859  3.22461E-06 0.1716  1.29381E-06 0.2774
  1.14986E+00 0.0001
tfc   20       1       1       1       1       1       1     141       1
         512000  1.15027E+00  5.17357E-04  6.73394E+03
        1024000  1.14991E+00  3.66032E-04  6.81665E+03
        1536000  1.14977E+00  2.98902E-04  6.82964E+03
        2048000  1.14976E+00  2.58890E-04  6.79297E+03
        2560000  1.14968E+00  2.31550E-04  6.81535E+03
        3072000  1.14967E+00  2.11365E-04  6.83647E+03
        3584000  1.14973E+00  1.95684E-04  6.84831E+03
        4096000  1.14976E+00  1.83060E-04  6.86508E+03
        4608000  1.14978E+00  1.72603E-04  6.88802E+03
        5120000  1.14982E+00  1.63751E-04  6.89282E+03
        5632000  1.14976E+00  1.56124E-04  6.90861E+03
        6144000  1.14978E+00  1.49484E-04  6.91708E+03
        6656000  1.14985E+00  1.43618E-04  6.92976E+03
        7168000  1.14982E+00  1.38395E-04  6.93442E+03
        7680000  1.14977E+00  1.33700E-04  6.93947E+03
        8192000  1.14984E+00  1.29459E-04  6.94625E+03
        8704000  1.14987E+00  1.25592E-04  6.95169E+03
        9216000  1.14986E+00  1.22057E-04  6.95730E+03
        9728000  1.14988E+00  1.18802E-04  6.96064E+03
       10000000  1.14986E+00  1.17175E-04  6.96376E+03
tally   41                   -1    0    0
 0 1 0 0 0 0 0 0 0 0 0 0 0 0 0 0 0 0 0 0 0 0 0 0 0 0 0 0 0 0 0 0 0 0 0 0 0
f        1
      6
d        1
u        0
s        0
m        0
c        0
et      50
  5.00000E-01  6.00000E-01  7.00000E-01  8.00000E-01  9.00000E-01  1.00000E+00
  1.10000E+00  1.20000E+00  1.30000E+00  1.40000E+00  1.50000E+00  1.60000E+00
  1.70000E+00  1.80000E+00  1.90000E+00  2.00000E+00  2.10000E+00  2.20000E+00
  2.30000E+00  2.40000E+00  2.50000E+00  2.60000E+00  2.70000E+00  2.80000E+00
  2.90000E+00  3.00000E+00  3.10000E+00  3.20000E+00  3.30000E+00  3.40000E+00
  3.50000E+00  3.60000E+00  3.70000E+00  3.80000E+00  3.90000E+00  4.00000E+00
  4.50000E+00  5.00000E+00  5.50000E+00  6.00000E+00  6.50000E+00  7.00000E+00
  7.50000E+00  8.00000E+00  8.50000E+00  9.00000E+00  9.50000E+00  1.00000E+01
  1.05000E+01
t        0
vals
  6.62059E-02 0.0013  1.43132E-02 0.0027  1.10802E-02 0.0031  8.52676E-03 0.0035
  9.63374E-03 0.0033  1.04669E-02 0.0032  5.34676E-03 0.0045  6.95049E-03 0.0039
  4.47659E-03 0.0049  6.08940E-03 0.0042  5.05512E-03 0.0046  3.43809E-03 0.0056
  2.75344E-03 0.0062  2.53915E-03 0.0065  3.02298E-03 0.0059  2.16048E-03 0.0071
  2.57257E-03 0.0064  1.97415E-03 0.0074  1.80579E-03 0.0077  2.04988E-03 0.0072
  1.84171E-03 0.0076  1.71630E-03 0.0079  1.39342E-03 0.0088  1.29587E-03 0.0091
  1.63245E-03 0.0081  1.34860E-03 0.0089  1.14103E-03 0.0097  1.36230E-03 0.0089
  1.15568E-03 0.0097  1.08967E-03 0.0100  9.74160E-04 0.0105  8.89891E-04 0.0111
  8.70515E-04 0.0112  7.85135E-04 0.0118  7.57723E-04 0.0120  7.26225E-04 0.0122
  3.06531E-03 0.0060  2.39395E-03 0.0067  1.90771E-03 0.0075  1.56672E-03 0.0083
  1.34612E-03 0.0089  1.17064E-03 0.0095  9.27505E-04 0.0107  8.28561E-04 0.0112
  3.99945E-04 0.0163  1.27486E-04 0.0293  4.33334E-05 0.0510  1.59375E-05 0.0858
  8.16750E-06 0.1208  2.03244E-01 0.0008
tfc   20       1       1       1       1       1       1      50       1
         512000  2.02801E-01  3.53073E-03  1.44584E+02
        1024000  2.02537E-01  2.49429E-03  1.46797E+02
        1536000  2.02401E-01  2.03730E-03  1.47009E+02
        2048000  2.02643E-01  1.76369E-03  1.46368E+02
        2560000  2.02714E-01  1.57758E-03  1.46823E+02
        3072000  2.02733E-01  1.44026E-03  1.47237E+02
        3584000  2.02961E-01  1.33262E-03  1.47666E+02
        4096000  2.03005E-01  1.24668E-03  1.48020E+02
        4608000  2.03158E-01  1.17496E-03  1.48644E+02
        5120000  2.03237E-01  1.11450E-03  1.48800E+02
        5632000  2.03185E-01  1.06295E-03  1.49041E+02
        6144000  2.03088E-01  1.01798E-03  1.49153E+02
        6656000  2.03221E-01  9.77654E-04  1.49543E+02
        7168000  2.03196E-01  9.42176E-04  1.49619E+02
        7680000  2.03264E-01  9.10194E-04  1.49734E+02
        8192000  2.03242E-01  8.81336E-04  1.49877E+02
        8704000  2.03254E-01  8.54998E-04  1.49997E+02
        9216000  2.03248E-01  8.30896E-04  1.50132E+02
        9728000  2.03227E-01  8.08815E-04  1.50175E+02
       10000000  2.03244E-01  7.97746E-04  1.50239E+02
