mcnp       6     03/05/17 22:39:11    26       100000000     40314953511
   Leakage from LiF (61cm dia) sphere 3-d surface tally                         
ntal     2
   21   41
tally   21                   -1    0    0
 1 0 0 0 0 0 0 0 0 0 0 0 0 0 0 0 0 0 0 0 0 0 0 0 0 0 0 0 0 0 0 0 0 0 0 0 0
f        1
      6
d        1
u        0
s        0
m        0
c        0
et     135
  1.01090E-01  1.05210E-01  1.09500E-01  1.13970E-01  1.18620E-01  1.23470E-01
  1.28500E-01  1.33750E-01  1.39210E-01  1.44890E-01  1.50800E-01  1.56960E-01
  1.63360E-01  1.70030E-01  1.76970E-01  1.84190E-01  1.91710E-01  1.99530E-01
  2.07670E-01  2.16150E-01  2.24970E-01  2.34150E-01  2.43710E-01  2.53650E-01
  2.64000E-01  2.74780E-01  2.85990E-01  2.97660E-01  3.09810E-01  3.22450E-01
  3.35610E-01  3.49310E-01  3.63570E-01  3.78400E-01  3.93850E-01  4.09920E-01
  4.26650E-01  4.44060E-01  4.62180E-01  4.81050E-01  5.00680E-01  5.21110E-01
  5.42380E-01  5.64510E-01  5.87550E-01  6.11530E-01  6.36480E-01  6.62460E-01
  6.89500E-01  7.17630E-01  7.46920E-01  7.77400E-01  8.09130E-01  8.42150E-01
  8.76520E-01  9.12290E-01  9.49520E-01  9.88270E-01  1.02860E+00  1.07060E+00
  1.11430E+00  1.15980E+00  1.20710E+00  1.25630E+00  1.30760E+00  1.36100E+00
  1.41650E+00  1.47430E+00  1.53450E+00  1.59710E+00  1.66230E+00  1.73010E+00
  1.80080E+00  1.87420E+00  1.95070E+00  2.03030E+00  2.11320E+00  2.19940E+00
  2.28920E+00  2.38260E+00  2.47990E+00  2.58110E+00  2.68640E+00  2.79600E+00
  2.91010E+00  3.02890E+00  3.15250E+00  3.28120E+00  3.41510E+00  3.55450E+00
  3.69950E+00  3.85050E+00  4.00760E+00  4.17120E+00  4.34140E+00  4.51860E+00
  4.70300E+00  4.89490E+00  5.09470E+00  5.30260E+00  5.51900E+00  5.74430E+00
  5.97870E+00  6.22270E+00  6.47660E+00  6.74100E+00  7.01610E+00  7.30240E+00
  7.60040E+00  7.91060E+00  8.23340E+00  8.56940E+00  8.91920E+00  9.28320E+00
  9.66200E+00  1.00560E+01  1.04670E+01  1.08940E+01  1.13390E+01  1.18010E+01
  1.22830E+01  1.27840E+01  1.33060E+01  1.38490E+01  1.44140E+01  1.50020E+01
  1.56150E+01  1.62520E+01  1.69150E+01  1.76050E+01  1.83240E+01  1.90720E+01
  1.98500E+01  2.06600E+01
t        0
vals
  2.54214E-01 0.0002  7.26511E-04 0.0034  1.16963E-03 0.0027  1.72693E-03 0.0022
  2.37338E-03 0.0019  2.83214E-03 0.0017  3.43109E-03 0.0016  3.43257E-03 0.0016
  4.72776E-03 0.0013  2.77247E-03 0.0018  3.58418E-03 0.0016  4.18982E-03 0.0014
  4.08385E-03 0.0015  4.16325E-03 0.0014  3.67241E-03 0.0015  3.93446E-03 0.0015
  2.84865E-03 0.0017  2.38707E-03 0.0019  2.12234E-03 0.0020  1.71910E-03 0.0022
  1.31862E-03 0.0026  9.91554E-04 0.0030  7.09662E-04 0.0035  4.83992E-04 0.0042
  4.22640E-04 0.0045  4.20687E-04 0.0045  4.38447E-04 0.0045  6.69259E-04 0.0036
  8.83573E-04 0.0031  9.33861E-04 0.0031  9.25089E-04 0.0031  1.12109E-03 0.0028
  1.23809E-03 0.0027  1.27324E-03 0.0026  1.19247E-03 0.0027  1.36426E-03 0.0025
  1.27754E-03 0.0026  1.77174E-03 0.0022  2.44006E-03 0.0019  3.19176E-03 0.0017
  3.14892E-03 0.0017  2.93967E-03 0.0017  3.58085E-03 0.0016  4.00976E-03 0.0015
  4.18614E-03 0.0015  3.54244E-03 0.0016  4.25064E-03 0.0014  4.93768E-03 0.0013
  5.09397E-03 0.0013  5.51867E-03 0.0013  5.03518E-03 0.0013  4.77051E-03 0.0014
  4.63392E-03 0.0014  4.81786E-03 0.0014  4.14438E-03 0.0015  4.35480E-03 0.0014
  3.90089E-03 0.0015  4.33645E-03 0.0014  4.89372E-03 0.0013  4.39542E-03 0.0014
  4.10222E-03 0.0015  4.35577E-03 0.0014  3.93369E-03 0.0015  3.33443E-03 0.0016
  3.38300E-03 0.0016  3.84318E-03 0.0015  4.38995E-03 0.0014  4.39673E-03 0.0014
  4.29385E-03 0.0014  3.85434E-03 0.0015  3.69890E-03 0.0015  4.19615E-03 0.0014
  4.56306E-03 0.0014  4.79743E-03 0.0014  4.40976E-03 0.0014  3.64280E-03 0.0016
  4.08719E-03 0.0015  4.36937E-03 0.0014  3.93036E-03 0.0015  4.20902E-03 0.0014
  3.88263E-03 0.0015  3.40076E-03 0.0016  3.48975E-03 0.0016  3.57449E-03 0.0016
  3.68161E-03 0.0015  3.86429E-03 0.0015  3.54030E-03 0.0016  3.62453E-03 0.0016
  3.62725E-03 0.0015  3.37205E-03 0.0016  3.17620E-03 0.0016  3.30647E-03 0.0016
  3.14678E-03 0.0017  2.98198E-03 0.0017  2.77015E-03 0.0018  2.70766E-03 0.0018
  2.66074E-03 0.0018  2.86507E-03 0.0017  2.98860E-03 0.0017  2.99539E-03 0.0017
  3.06332E-03 0.0017  3.05173E-03 0.0017  3.01984E-03 0.0017  3.19405E-03 0.0016
  3.29214E-03 0.0016  3.26242E-03 0.0016  3.29110E-03 0.0016  3.10845E-03 0.0017
  3.11026E-03 0.0017  3.18747E-03 0.0017  3.29044E-03 0.0016  3.35064E-03 0.0016
  3.43092E-03 0.0016  3.48019E-03 0.0016  3.57644E-03 0.0016  3.75156E-03 0.0015
  4.04197E-03 0.0015  4.69862E-03 0.0014  5.79269E-03 0.0012  7.44668E-03 0.0011
  1.01731E-02 0.0009  1.43384E-02 0.0008  2.04249E-02 0.0007  3.42969E-02 0.0005
  3.74854E-02 0.0005  2.95731E-02 0.0006  1.49263E-02 0.0008  1.16719E-02 0.0009
  3.34710E-03 0.0017  2.28697E-05 0.0204  1.64201E-05 0.0241  6.05840E-06 0.0395
  4.92719E-06 0.0440  1.38305E-06 0.0837  8.17848E-01 0.0000
tfc   13       1       1       1       1       1       1     135       1
        8192000  8.18046E-01  1.47389E-04  1.25384E+04
       16384000  8.17948E-01  1.04249E-04  1.26171E+04
       24576000  8.17863E-01  0.00000E+00  1.00000E+30
       32768000  8.17854E-01  0.00000E+00  1.00000E+30
       40960000  8.17848E-01  0.00000E+00  1.00000E+30
       49152000  8.17847E-01  0.00000E+00  1.00000E+30
       57344000  8.17861E-01  0.00000E+00  1.00000E+30
       65536000  8.17859E-01  0.00000E+00  1.00000E+30
       73728000  8.17856E-01  0.00000E+00  1.00000E+30
       81920000  8.17840E-01  0.00000E+00  1.00000E+30
       90112000  8.17843E-01  0.00000E+00  1.00000E+30
       98304000  8.17848E-01  0.00000E+00  1.00000E+30
      100000000  8.17848E-01  0.00000E+00  1.00000E+30
tally   41                   -1    0    0
 0 1 0 0 0 0 0 0 0 0 0 0 0 0 0 0 0 0 0 0 0 0 0 0 0 0 0 0 0 0 0 0 0 0 0 0 0
f        1
      6
d        1
u        0
s        0
m        0
c        0
et      50
  5.00000E-01  6.00000E-01  7.00000E-01  8.00000E-01  9.00000E-01  1.00000E+00
  1.10000E+00  1.20000E+00  1.30000E+00  1.40000E+00  1.50000E+00  1.60000E+00
  1.70000E+00  1.80000E+00  1.90000E+00  2.00000E+00  2.10000E+00  2.20000E+00
  2.30000E+00  2.40000E+00  2.50000E+00  2.60000E+00  2.70000E+00  2.80000E+00
  2.90000E+00  3.00000E+00  3.10000E+00  3.20000E+00  3.30000E+00  3.40000E+00
  3.50000E+00  3.60000E+00  3.70000E+00  3.80000E+00  3.90000E+00  4.00000E+00
  4.50000E+00  5.00000E+00  5.50000E+00  6.00000E+00  6.50000E+00  7.00000E+00
  7.50000E+00  8.00000E+00  8.50000E+00  9.00000E+00  9.50000E+00  1.00000E+01
  1.05000E+01
t        0
vals
  2.21757E-01 0.0002  1.46852E-02 0.0009  1.05302E-02 0.0010  9.73704E-03 0.0011
  1.32767E-02 0.0009  9.84233E-03 0.0011  8.20129E-03 0.0012  7.58312E-03 0.0012
  1.54837E-02 0.0008  2.23154E-02 0.0007  7.38025E-03 0.0012  3.02805E-03 0.0019
  2.12364E-03 0.0023  2.21207E-03 0.0023  2.65296E-03 0.0021  3.24286E-03 0.0018
  1.84901E-03 0.0025  1.88204E-03 0.0025  1.69637E-03 0.0026  1.86004E-03 0.0025
  1.52515E-03 0.0027  5.19700E-03 0.0014  4.14002E-03 0.0016  1.30850E-03 0.0030
  1.23909E-03 0.0031  1.68840E-03 0.0026  1.43834E-03 0.0028  1.03537E-03 0.0034
  1.65587E-03 0.0026  1.74280E-03 0.0025  9.87829E-04 0.0035  9.88128E-04 0.0035
  1.37930E-03 0.0029  1.53787E-03 0.0027  1.25095E-03 0.0030  2.03878E-03 0.0023
  9.23091E-03 0.0011  4.74862E-03 0.0015  9.17926E-03 0.0011  1.77787E-03 0.0026
  1.43486E-03 0.0029  7.24978E-04 0.0042  4.97517E-04 0.0050  3.26214E-04 0.0063
  1.95690E-04 0.0082  1.45280E-04 0.0094  8.83970E-05 0.0122  5.30024E-05 0.0159
  3.28573E-05 0.0201  4.18928E-01 0.0002
tfc   13       1       1       1       1       1       1      50       1
        8192000  4.18850E-01  5.82825E-04  8.01854E+02
       16384000  4.18926E-01  4.12142E-04  8.07252E+02
       24576000  4.18964E-01  3.36538E-04  8.10526E+02
       32768000  4.18950E-01  2.91438E-04  8.11899E+02
       40960000  4.18870E-01  2.60716E-04  8.11987E+02
       49152000  4.18862E-01  2.38008E-04  8.12273E+02
       57344000  4.18908E-01  2.20341E-04  8.12527E+02
       65536000  4.18912E-01  2.06107E-04  8.13105E+02
       73728000  4.18894E-01  1.94332E-04  8.13438E+02
       81920000  4.18907E-01  1.84352E-04  8.13360E+02
       90112000  4.18926E-01  1.75769E-04  8.13747E+02
       98304000  4.18932E-01  1.68291E-04  8.13854E+02
      100000000  4.18928E-01  1.66855E-04  8.13809E+02
