mcnp       6     03/05/17 21:50:17    15       100000000     10497401817
   Leakage from Cr (40cm dia) sphere 3-d surface tally                          
ntal     2
   21   41
tally   21                   -1    0    0
 1 0 0 0 0 0 0 0 0 0 0 0 0 0 0 0 0 0 0 0 0 0 0 0 0 0 0 0 0 0 0 0 0 0 0 0 0
f        1
      6
d        1
u        0
s        0
m        0
c        0
et     178
  1.03120E-01  1.06260E-01  1.09500E-01  1.12830E-01  1.16270E-01  1.19810E-01
  1.23460E-01  1.27220E-01  1.31090E-01  1.35090E-01  1.39200E-01  1.43440E-01
  1.47810E-01  1.52310E-01  1.56950E-01  1.61730E-01  1.66650E-01  1.71730E-01
  1.76960E-01  1.82350E-01  1.87900E-01  1.93620E-01  1.99520E-01  2.05600E-01
  2.11860E-01  2.18310E-01  2.24960E-01  2.31810E-01  2.38870E-01  2.46140E-01
  2.53640E-01  2.61370E-01  2.69320E-01  2.77530E-01  2.85980E-01  2.94690E-01
  3.03660E-01  3.12910E-01  3.22440E-01  3.32260E-01  3.42380E-01  3.52810E-01
  3.63550E-01  3.74620E-01  3.86030E-01  3.97790E-01  4.09900E-01  4.22380E-01
  4.35250E-01  4.48500E-01  4.62160E-01  4.76240E-01  4.90740E-01  5.05690E-01
  5.21090E-01  5.36960E-01  5.53310E-01  5.70160E-01  5.87520E-01  6.05420E-01
  6.23850E-01  6.42850E-01  6.62430E-01  6.82600E-01  7.03390E-01  7.24810E-01
  7.46890E-01  7.69630E-01  7.93070E-01  8.17230E-01  8.42110E-01  8.67760E-01
  8.94190E-01  9.21420E-01  9.49480E-01  9.78400E-01  1.00820E+00  1.03890E+00
  1.07050E+00  1.10310E+00  1.13670E+00  1.17140E+00  1.20700E+00  1.24380E+00
  1.28170E+00  1.32070E+00  1.36090E+00  1.40240E+00  1.44510E+00  1.48910E+00
  1.53440E+00  1.58120E+00  1.62930E+00  1.67890E+00  1.73010E+00  1.78280E+00
  1.83710E+00  1.89300E+00  1.95060E+00  2.01010E+00  2.07130E+00  2.13430E+00
  2.19930E+00  2.26630E+00  2.33530E+00  2.40650E+00  2.47980E+00  2.55530E+00
  2.63310E+00  2.71330E+00  2.79590E+00  2.88110E+00  2.96880E+00  3.05920E+00
  3.15240E+00  3.24840E+00  3.34730E+00  3.44930E+00  3.55430E+00  3.66250E+00
  3.77410E+00  3.88900E+00  4.00750E+00  4.12950E+00  4.25530E+00  4.38490E+00
  4.51840E+00  4.65600E+00  4.79780E+00  4.94390E+00  5.09450E+00  5.24960E+00
  5.40950E+00  5.57420E+00  5.74400E+00  5.91890E+00  6.09920E+00  6.28490E+00
  6.47640E+00  6.67360E+00  6.87680E+00  7.08630E+00  7.30210E+00  7.52440E+00
  7.75360E+00  7.98970E+00  8.23310E+00  8.48380E+00  8.74220E+00  9.00840E+00
  9.28270E+00  9.56540E+00  9.85670E+00  1.01570E+01  1.04660E+01  1.07850E+01
  1.11130E+01  1.14520E+01  1.18010E+01  1.21600E+01  1.25300E+01  1.29120E+01
  1.33050E+01  1.37100E+01  1.41280E+01  1.45580E+01  1.50020E+01  1.54580E+01
  1.59290E+01  1.64140E+01  1.69140E+01  1.74290E+01  1.79600E+01  1.85070E+01
  1.90710E+01  1.96520E+01  2.02500E+01
t        0
vals
  1.84854E-02 0.0007  3.33140E-04 0.0053  4.05415E-04 0.0048  6.58970E-04 0.0038
  1.11538E-03 0.0029  1.49345E-03 0.0025  1.16242E-03 0.0029  1.03950E-03 0.0030
  1.32439E-03 0.0027  2.93043E-03 0.0018  2.32809E-03 0.0020  2.15544E-04 0.0066
  2.96920E-04 0.0056  5.06384E-04 0.0043  6.92800E-04 0.0037  6.79616E-04 0.0037
  8.18854E-04 0.0034  9.80413E-04 0.0031  9.95095E-04 0.0031  1.15637E-03 0.0029
  1.06900E-03 0.0030  9.75862E-04 0.0031  1.17751E-03 0.0028  1.30729E-03 0.0027
  1.46490E-03 0.0025  1.69093E-03 0.0024  1.56384E-03 0.0025  1.71302E-03 0.0023
  1.14463E-03 0.0029  1.62457E-03 0.0024  1.09060E-03 0.0029  1.73458E-03 0.0023
  2.13504E-03 0.0021  2.29835E-03 0.0020  1.80666E-03 0.0023  2.24816E-03 0.0020
  2.91474E-03 0.0018  3.25845E-03 0.0017  4.24301E-03 0.0015  1.47687E-03 0.0025
  2.04375E-03 0.0021  3.34279E-03 0.0017  4.40782E-03 0.0015  2.24275E-03 0.0020
  4.52333E-03 0.0014  5.68818E-03 0.0013  2.20120E-03 0.0021  2.54074E-03 0.0019
  2.10138E-03 0.0021  3.03437E-03 0.0018  6.44247E-03 0.0012  2.25862E-03 0.0020
  2.46884E-03 0.0020  3.13356E-03 0.0017  4.15428E-03 0.0015  5.37515E-03 0.0013
  3.20460E-03 0.0017  4.20479E-03 0.0015  4.83436E-03 0.0014  7.81510E-03 0.0011
  4.46227E-03 0.0015  3.29253E-03 0.0017  4.92332E-03 0.0014  5.94576E-03 0.0013
  8.56084E-03 0.0011  6.44733E-03 0.0012  6.74803E-03 0.0012  4.80038E-03 0.0014
  7.36025E-03 0.0011  5.45488E-03 0.0013  6.78988E-03 0.0012  6.72339E-03 0.0012
  5.83099E-03 0.0013  5.12542E-03 0.0014  7.79118E-03 0.0011  6.78149E-03 0.0012
  6.28434E-03 0.0012  8.22603E-03 0.0011  7.10384E-03 0.0012  6.38566E-03 0.0012
  7.34985E-03 0.0011  8.28319E-03 0.0011  9.76607E-03 0.0010  7.63905E-03 0.0011
  6.67385E-03 0.0012  6.92403E-03 0.0012  6.51912E-03 0.0012  9.09858E-03 0.0010
  6.43746E-03 0.0012  4.67884E-03 0.0014  5.88634E-03 0.0013  5.14685E-03 0.0014
  5.14057E-03 0.0014  4.79094E-03 0.0014  5.52206E-03 0.0013  4.83909E-03 0.0014
  4.66928E-03 0.0014  4.74208E-03 0.0014  4.78694E-03 0.0014  4.98418E-03 0.0014
  4.45215E-03 0.0015  4.63598E-03 0.0014  4.62513E-03 0.0014  4.61642E-03 0.0014
  4.43104E-03 0.0015  4.77323E-03 0.0014  4.07530E-03 0.0015  4.30354E-03 0.0015
  3.99639E-03 0.0015  3.86377E-03 0.0016  3.82486E-03 0.0016  3.63177E-03 0.0016
  3.58324E-03 0.0016  3.52153E-03 0.0016  3.47672E-03 0.0016  3.33699E-03 0.0017
  3.27348E-03 0.0017  3.24699E-03 0.0017  2.93700E-03 0.0018  3.10642E-03 0.0017
  2.95305E-03 0.0018  2.94769E-03 0.0018  2.91184E-03 0.0018  2.74270E-03 0.0018
  2.71211E-03 0.0019  2.68578E-03 0.0019  2.58166E-03 0.0019  2.53489E-03 0.0019
  2.47653E-03 0.0019  2.39429E-03 0.0020  2.36384E-03 0.0020  2.31131E-03 0.0020
  2.24510E-03 0.0020  2.19218E-03 0.0021  2.11548E-03 0.0021  2.09818E-03 0.0021
  2.05369E-03 0.0021  1.98025E-03 0.0022  1.95094E-03 0.0022  1.92124E-03 0.0022
  1.87272E-03 0.0022  1.82277E-03 0.0023  1.77433E-03 0.0023  1.74318E-03 0.0023
  1.72649E-03 0.0023  1.69771E-03 0.0023  1.70288E-03 0.0023  1.69303E-03 0.0023
  1.75556E-03 0.0023  1.83210E-03 0.0023  2.04551E-03 0.0021  2.30853E-03 0.0020
  2.40004E-03 0.0020  2.39962E-03 0.0020  2.30427E-03 0.0020  2.37811E-03 0.0020
  2.40698E-03 0.0020  2.49477E-03 0.0019  2.94022E-03 0.0018  3.08295E-03 0.0018
  5.37203E-03 0.0013  6.33246E-03 0.0012  1.64778E-02 0.0008  2.21381E-02 0.0007
  7.37928E-02 0.0003  1.63826E-01 0.0002  1.62464E-01 0.0002  2.45441E-02 0.0006
  2.45905E-02 0.0006  8.04498E-03 0.0011  4.26972E-04 0.0048  3.15257E-04 0.0056
  1.04186E-04 0.0097  1.02133E-04 0.0098  1.45736E-05 0.0260  1.49638E-05 0.0257
  1.12293E-05 0.0298  1.07633E+00 0.0000
tfc   13       1       1       1       1       1       1     178       1
        8192000  1.07631E+00  1.01858E-04  4.84606E+04
       16384000  1.07638E+00  0.00000E+00  1.00000E+30
       24576000  1.07635E+00  0.00000E+00  1.00000E+30
       32768000  1.07633E+00  0.00000E+00  1.00000E+30
       40960000  1.07633E+00  0.00000E+00  1.00000E+30
       49152000  1.07634E+00  0.00000E+00  1.00000E+30
       57344000  1.07634E+00  0.00000E+00  1.00000E+30
       65536000  1.07633E+00  0.00000E+00  1.00000E+30
       73728000  1.07634E+00  0.00000E+00  1.00000E+30
       81920000  1.07633E+00  0.00000E+00  1.00000E+30
       90112000  1.07631E+00  0.00000E+00  1.00000E+30
       98304000  1.07632E+00  0.00000E+00  1.00000E+30
      100000000  1.07633E+00  0.00000E+00  1.00000E+30
tally   41                   -1    0    0
 0 1 0 0 0 0 0 0 0 0 0 0 0 0 0 0 0 0 0 0 0 0 0 0 0 0 0 0 0 0 0 0 0 0 0 0 0
f        1
      6
d        1
u        0
s        0
m        0
c        0
et      60
  3.00000E-01  4.00000E-01  5.00000E-01  6.00000E-01  7.00000E-01  8.00000E-01
  9.00000E-01  1.00000E+00  1.10000E+00  1.20000E+00  1.30000E+00  1.40000E+00
  1.50000E+00  1.60000E+00  1.70000E+00  1.80000E+00  1.90000E+00  2.00000E+00
  2.10000E+00  2.20000E+00  2.30000E+00  2.40000E+00  2.50000E+00  2.60000E+00
  2.70000E+00  2.80000E+00  2.90000E+00  3.00000E+00  3.10000E+00  3.20000E+00
  3.30000E+00  3.40000E+00  3.50000E+00  3.60000E+00  3.70000E+00  3.80000E+00
  3.90000E+00  4.00000E+00  4.10000E+00  4.20000E+00  4.30000E+00  4.40000E+00
  4.50000E+00  4.60000E+00  4.70000E+00  4.80000E+00  4.90000E+00  5.00000E+00
  5.50000E+00  6.00000E+00  6.50000E+00  7.00000E+00  7.50000E+00  8.00000E+00
  8.50000E+00  9.00000E+00  9.50000E+00  1.00000E+01  1.05000E+01
t        0
vals
  1.15100E-01 0.0003  4.55150E-02 0.0005  3.74555E-02 0.0006  4.16231E-02 0.0006
  2.54816E-02 0.0007  2.59956E-02 0.0007  2.37529E-02 0.0007  2.87499E-02 0.0007
  1.68341E-02 0.0009  1.38372E-02 0.0010  1.67247E-02 0.0009  2.47087E-02 0.0007
  6.04431E-02 0.0005  9.98236E-03 0.0011  5.94826E-03 0.0015  6.77649E-03 0.0014
  4.78095E-03 0.0016  4.70974E-03 0.0017  4.58252E-03 0.0017  4.55125E-03 0.0017
  5.34780E-03 0.0016  5.49827E-03 0.0015  4.20487E-03 0.0018  4.06706E-03 0.0018
  3.90730E-03 0.0018  3.75120E-03 0.0019  3.59822E-03 0.0019  3.62626E-03 0.0019
  3.99567E-03 0.0018  4.99501E-03 0.0016  3.56475E-03 0.0019  3.15050E-03 0.0020
  3.10691E-03 0.0021  3.03019E-03 0.0021  3.12190E-03 0.0020  3.19441E-03 0.0020
  2.95417E-03 0.0021  2.81275E-03 0.0022  2.69744E-03 0.0022  2.58426E-03 0.0023
  2.45685E-03 0.0023  2.36941E-03 0.0024  2.32052E-03 0.0024  2.25923E-03 0.0024
  2.19454E-03 0.0025  2.12786E-03 0.0025  2.03723E-03 0.0025  1.94049E-03 0.0026
  8.85160E-03 0.0012  7.38719E-03 0.0013  6.15645E-03 0.0015  5.00944E-03 0.0016
  3.97215E-03 0.0018  3.06958E-03 0.0021  2.42288E-03 0.0023  1.73276E-03 0.0028
  1.07868E-03 0.0035  6.13350E-04 0.0047  4.20639E-04 0.0056  6.49183E-01 0.0002
tfc   13       1       1       1       1       1       1      60       1
        8192000  6.49203E-01  5.26065E-04  1.81678E+03
       16384000  6.49062E-01  3.71976E-04  1.82902E+03
       24576000  6.49072E-01  3.03707E-04  1.83857E+03
       32768000  6.49201E-01  2.62977E-04  1.84138E+03
       40960000  6.49149E-01  2.35224E-04  1.84398E+03
       49152000  6.49130E-01  2.14727E-04  1.84668E+03
       57344000  6.49145E-01  1.98795E-04  1.84760E+03
       65536000  6.49151E-01  1.85962E-04  1.84796E+03
       73728000  6.49160E-01  1.75321E-04  1.84759E+03
       81920000  6.49199E-01  1.66319E-04  1.84823E+03
       90112000  6.49158E-01  1.58587E-04  1.84878E+03
       98304000  6.49186E-01  1.51829E-04  1.84936E+03
      100000000  6.49183E-01  1.50539E-04  1.84925E+03
