mcnp       6     03/05/17 23:41:49     7        10000000      4474414634
   Leakage from Mn (61cm dia) sphere 3-d surface tally                          
ntal     2
   21   41
tally   21                   -1    0    0
 1 0 0 0 0 0 0 0 0 0 0 0 0 0 0 0 0 0 0 0 0 0 0 0 0 0 0 0 0 0 0 0 0 0 0 0 0
f        1
      6
d        1
u        0
s        0
m        0
c        0
et     141
  7.95200E-02  8.27600E-02  8.61400E-02  8.96500E-02  9.33100E-02  9.71200E-02
  1.01090E-01  1.05210E-01  1.09500E-01  1.13970E-01  1.18620E-01  1.23470E-01
  1.28500E-01  1.33750E-01  1.39210E-01  1.44890E-01  1.50800E-01  1.56960E-01
  1.63360E-01  1.70030E-01  1.76970E-01  1.84190E-01  1.91710E-01  1.99530E-01
  2.07670E-01  2.16150E-01  2.24970E-01  2.34150E-01  2.43710E-01  2.53650E-01
  2.64000E-01  2.74780E-01  2.85990E-01  2.97660E-01  3.09810E-01  3.22450E-01
  3.35610E-01  3.49310E-01  3.63570E-01  3.78400E-01  3.93850E-01  4.09920E-01
  4.26650E-01  4.44060E-01  4.62180E-01  4.81050E-01  5.00680E-01  5.21110E-01
  5.42380E-01  5.64510E-01  5.87550E-01  6.11530E-01  6.36480E-01  6.62460E-01
  6.89500E-01  7.17630E-01  7.46920E-01  7.77400E-01  8.09130E-01  8.42150E-01
  8.76520E-01  9.12290E-01  9.49520E-01  9.88270E-01  1.02860E+00  1.07060E+00
  1.11430E+00  1.15980E+00  1.20710E+00  1.25630E+00  1.30760E+00  1.36100E+00
  1.41650E+00  1.47430E+00  1.53450E+00  1.59710E+00  1.66230E+00  1.73010E+00
  1.80080E+00  1.87420E+00  1.95070E+00  2.03030E+00  2.11320E+00  2.19940E+00
  2.28920E+00  2.38260E+00  2.47990E+00  2.58110E+00  2.68640E+00  2.79600E+00
  2.91010E+00  3.02890E+00  3.15250E+00  3.28120E+00  3.41510E+00  3.55450E+00
  3.69950E+00  3.85050E+00  4.00760E+00  4.17120E+00  4.34140E+00  4.51860E+00
  4.70300E+00  4.89490E+00  5.09470E+00  5.30260E+00  5.51900E+00  5.74430E+00
  5.97870E+00  6.22270E+00  6.47660E+00  6.74100E+00  7.01610E+00  7.30240E+00
  7.60040E+00  7.91060E+00  8.23340E+00  8.56940E+00  8.91920E+00  9.28320E+00
  9.66200E+00  1.00560E+01  1.04670E+01  1.08940E+01  1.13390E+01  1.18010E+01
  1.22830E+01  1.27840E+01  1.33060E+01  1.38490E+01  1.44140E+01  1.50020E+01
  1.56150E+01  1.62520E+01  1.69150E+01  1.76050E+01  1.83240E+01  1.90720E+01
  1.98500E+01  2.06600E+01
t        0
vals
  1.68481E-01 0.0007  1.37575E-02 0.0026  2.59145E-03 0.0060  3.71686E-03 0.0050
  7.30986E-03 0.0036  1.21526E-02 0.0028  1.04209E-02 0.0030  2.90476E-02 0.0018
  1.12034E-02 0.0029  7.37504E-03 0.0036  9.60046E-03 0.0031  1.61227E-02 0.0024
  1.31510E-02 0.0027  8.34371E-03 0.0034  9.79383E-03 0.0031  5.23485E-03 0.0042
  6.41903E-03 0.0038  7.25131E-03 0.0036  7.07236E-03 0.0037  7.51057E-03 0.0035
  6.99948E-03 0.0037  8.27912E-03 0.0034  6.74829E-03 0.0037  6.80530E-03 0.0037
  7.54075E-03 0.0035  7.84595E-03 0.0035  7.93429E-03 0.0035  8.37163E-03 0.0034
  8.58514E-03 0.0033  8.58662E-03 0.0033  9.42112E-03 0.0032  1.05526E-02 0.0030
  9.11177E-03 0.0032  1.06076E-02 0.0030  1.19171E-02 0.0028  1.15765E-02 0.0029
  1.09108E-02 0.0029  1.24949E-02 0.0028  1.32001E-02 0.0027  1.32269E-02 0.0027
  1.26326E-02 0.0027  1.30384E-02 0.0027  1.30945E-02 0.0027  1.38151E-02 0.0026
  1.42285E-02 0.0026  1.44420E-02 0.0026  1.49357E-02 0.0025  1.48639E-02 0.0025
  1.54871E-02 0.0025  1.56481E-02 0.0025  1.56198E-02 0.0025  1.69062E-02 0.0024
  1.62624E-02 0.0024  1.66357E-02 0.0024  1.60220E-02 0.0024  1.69247E-02 0.0024
  1.61869E-02 0.0024  1.59244E-02 0.0024  1.58390E-02 0.0024  1.62502E-02 0.0024
  1.57752E-02 0.0025  1.57622E-02 0.0025  1.59291E-02 0.0024  1.57781E-02 0.0025
  1.40175E-02 0.0026  1.25571E-02 0.0028  1.26488E-02 0.0027  1.20674E-02 0.0028
  1.17698E-02 0.0028  1.09747E-02 0.0029  1.03239E-02 0.0030  9.92911E-03 0.0031
  9.49769E-03 0.0032  8.87232E-03 0.0033  8.65660E-03 0.0033  8.17965E-03 0.0034
  7.74012E-03 0.0035  7.43870E-03 0.0036  7.06167E-03 0.0037  6.66191E-03 0.0038
  6.24376E-03 0.0039  5.95012E-03 0.0040  5.68086E-03 0.0041  5.30793E-03 0.0042
  4.97933E-03 0.0044  4.72941E-03 0.0045  4.45858E-03 0.0046  4.22999E-03 0.0048
  4.10969E-03 0.0048  3.83319E-03 0.0050  3.71098E-03 0.0051  3.52237E-03 0.0052
  3.32689E-03 0.0054  3.21171E-03 0.0055  3.05717E-03 0.0056  2.92960E-03 0.0057
  2.78123E-03 0.0059  2.62738E-03 0.0060  2.47892E-03 0.0062  2.35488E-03 0.0064
  2.27955E-03 0.0065  2.21331E-03 0.0066  2.12749E-03 0.0067  2.09710E-03 0.0067
  2.06950E-03 0.0068  2.00216E-03 0.0069  1.95432E-03 0.0070  1.92692E-03 0.0070
  1.86898E-03 0.0071  1.78172E-03 0.0073  1.70766E-03 0.0075  1.64275E-03 0.0076
  1.61726E-03 0.0077  1.59289E-03 0.0077  1.50692E-03 0.0080  1.44604E-03 0.0081
  1.39450E-03 0.0083  1.38200E-03 0.0083  1.35091E-03 0.0084  1.34715E-03 0.0084
  1.29013E-03 0.0086  1.25535E-03 0.0087  1.25236E-03 0.0087  1.30436E-03 0.0085
  1.46308E-03 0.0080  1.61412E-03 0.0077  1.65919E-03 0.0075  2.26954E-03 0.0064
  3.79438E-03 0.0050  2.50367E-02 0.0019  4.00193E-02 0.0015  3.80606E-02 0.0016
  1.52972E-02 0.0025  1.52261E-02 0.0025  6.38062E-03 0.0039  2.14388E-05 0.0677
  2.05627E-05 0.0693  7.20686E-06 0.1171  5.72945E-06 0.1313  2.28374E-06 0.2085
  1.34448E+00 0.0001
tfc   20       1       1       1       1       1       1     141       1
         512000  1.34542E+00  5.10258E-04  7.66482E+03
        1024000  1.34500E+00  3.60979E-04  7.93659E+03
        1536000  1.34505E+00  2.94800E-04  8.02056E+03
        2048000  1.34516E+00  2.55317E-04  8.04817E+03
        2560000  1.34491E+00  2.28379E-04  8.07113E+03
        3072000  1.34484E+00  2.08447E-04  8.12226E+03
        3584000  1.34482E+00  1.92979E-04  8.12401E+03
        4096000  1.34467E+00  1.80518E-04  8.12698E+03
        4608000  1.34460E+00  1.70193E-04  8.15073E+03
        5120000  1.34456E+00  1.61454E-04  8.16934E+03
        5632000  1.34466E+00  1.53928E-04  8.18445E+03
        6144000  1.34468E+00  1.47363E-04  8.19844E+03
        6656000  1.34466E+00  1.41587E-04  8.21318E+03
        7168000  1.34460E+00  1.36447E-04  8.21615E+03
        7680000  1.34453E+00  1.31824E-04  8.22151E+03
        8192000  1.34451E+00  1.27640E-04  8.22914E+03
        8704000  1.34447E+00  1.23836E-04  8.23561E+03
        9216000  1.34450E+00  1.20345E-04  8.24512E+03
        9728000  1.34449E+00  1.17138E-04  8.25365E+03
       10000000  1.34448E+00  1.15535E-04  8.25621E+03
tally   41                   -1    0    0
 0 1 0 0 0 0 0 0 0 0 0 0 0 0 0 0 0 0 0 0 0 0 0 0 0 0 0 0 0 0 0 0 0 0 0 0 0
f        1
      6
d        1
u        0
s        0
m        0
c        0
et      50
  5.00000E-01  6.00000E-01  7.00000E-01  8.00000E-01  9.00000E-01  1.00000E+00
  1.10000E+00  1.20000E+00  1.30000E+00  1.40000E+00  1.50000E+00  1.60000E+00
  1.70000E+00  1.80000E+00  1.90000E+00  2.00000E+00  2.10000E+00  2.20000E+00
  2.30000E+00  2.40000E+00  2.50000E+00  2.60000E+00  2.70000E+00  2.80000E+00
  2.90000E+00  3.00000E+00  3.10000E+00  3.20000E+00  3.30000E+00  3.40000E+00
  3.50000E+00  3.60000E+00  3.70000E+00  3.80000E+00  3.90000E+00  4.00000E+00
  4.50000E+00  5.00000E+00  5.50000E+00  6.00000E+00  6.50000E+00  7.00000E+00
  7.50000E+00  8.00000E+00  8.50000E+00  9.00000E+00  9.50000E+00  1.00000E+01
  1.05000E+01
t        0
vals
  1.08265E-01 0.0011  1.90254E-02 0.0025  1.16928E-02 0.0032  1.09079E-02 0.0033
  1.88608E-02 0.0024  9.21424E-03 0.0036  8.00882E-03 0.0038  7.64075E-03 0.0039
  7.26805E-03 0.0040  5.86001E-03 0.0045  6.19532E-03 0.0044  6.00501E-03 0.0044
  3.69945E-03 0.0057  3.95139E-03 0.0055  4.13149E-03 0.0053  3.04581E-03 0.0063
  3.11956E-03 0.0062  3.34421E-03 0.0060  4.60680E-03 0.0050  3.15566E-03 0.0061
  2.62458E-03 0.0072  2.84091E-03 0.0065  2.74884E-03 0.0066  2.74885E-03 0.0066
  2.48637E-03 0.0069  2.69491E-03 0.0066  2.37832E-03 0.0071  2.13858E-03 0.0075
  2.07266E-03 0.0076  1.97553E-03 0.0078  1.90693E-03 0.0079  1.81028E-03 0.0081
  1.78709E-03 0.0082  1.64389E-03 0.0085  1.57964E-03 0.0087  1.53408E-03 0.0088
  6.71028E-03 0.0042  5.06363E-03 0.0049  3.72056E-03 0.0057  2.74839E-03 0.0067
  1.91601E-03 0.0080  1.44319E-03 0.0093  1.06411E-03 0.0107  6.07423E-04 0.0143
  4.00529E-04 0.0176  2.90520E-04 0.0207  1.90371E-04 0.0256  1.28701E-04 0.0311
  5.14969E-05 0.0492  3.07305E-01 0.0007
tfc   20       1       1       1       1       1       1      50       1
         512000  3.07570E-01  2.99810E-03  2.22018E+02
        1024000  3.07181E-01  2.11879E-03  2.30367E+02
        1536000  3.06979E-01  1.72897E-03  2.33176E+02
        2048000  3.07213E-01  1.49665E-03  2.34214E+02
        2560000  3.07406E-01  1.34035E-03  2.34320E+02
        3072000  3.07517E-01  1.22320E-03  2.35868E+02
        3584000  3.07435E-01  1.13233E-03  2.35962E+02
        4096000  3.07607E-01  1.05846E-03  2.36387E+02
        4608000  3.07537E-01  9.97917E-04  2.37078E+02
        5120000  3.07530E-01  9.46647E-04  2.37633E+02
        5632000  3.07418E-01  9.02695E-04  2.37981E+02
        6144000  3.07306E-01  8.64144E-04  2.38417E+02
        6656000  3.07309E-01  8.30086E-04  2.38951E+02
        7168000  3.07388E-01  7.99609E-04  2.39245E+02
        7680000  3.07406E-01  7.72836E-04  2.39201E+02
        8192000  3.07417E-01  7.48225E-04  2.39477E+02
        8704000  3.07386E-01  7.25905E-04  2.39677E+02
        9216000  3.07357E-01  7.05449E-04  2.39952E+02
        9728000  3.07331E-01  6.86731E-04  2.40143E+02
       10000000  3.07305E-01  6.77316E-04  2.40230E+02
