mcnp       6     03/05/17 23:54:50     8       100000000      4348935197
   Leakage from Mo (61cm dia) sphere 3-d surface tally                          
ntal     1
   21
tally   21                   -1    0    0
 1 0 0 0 0 0 0 0 0 0 0 0 0 0 0 0 0 0 0 0 0 0 0 0 0 0 0 0 0 0 0 0 0 0 0 0 0
f        1
      6
d        1
u        0
s        0
m        0
c        0
et     140
  8.27600E-02  8.61400E-02  8.96500E-02  9.33100E-02  9.71200E-02  1.01090E-01
  1.05210E-01  1.09500E-01  1.13970E-01  1.18620E-01  1.23470E-01  1.28500E-01
  1.33750E-01  1.39210E-01  1.44890E-01  1.50800E-01  1.56960E-01  1.63360E-01
  1.70030E-01  1.76970E-01  1.84190E-01  1.91710E-01  1.99530E-01  2.07670E-01
  2.16150E-01  2.24970E-01  2.34150E-01  2.43710E-01  2.53650E-01  2.64000E-01
  2.74780E-01  2.85990E-01  2.97660E-01  3.09810E-01  3.22450E-01  3.35610E-01
  3.49310E-01  3.63570E-01  3.78400E-01  3.93850E-01  4.09920E-01  4.26650E-01
  4.44060E-01  4.62180E-01  4.81050E-01  5.00680E-01  5.21110E-01  5.42380E-01
  5.64510E-01  5.87550E-01  6.11530E-01  6.36480E-01  6.62460E-01  6.89500E-01
  7.17630E-01  7.46920E-01  7.77400E-01  8.09130E-01  8.42150E-01  8.76520E-01
  9.12290E-01  9.49520E-01  9.88270E-01  1.02860E+00  1.07060E+00  1.11430E+00
  1.15980E+00  1.20710E+00  1.25630E+00  1.30760E+00  1.36100E+00  1.41650E+00
  1.47430E+00  1.53450E+00  1.59710E+00  1.66230E+00  1.73010E+00  1.80080E+00
  1.87420E+00  1.95070E+00  2.03030E+00  2.11320E+00  2.19940E+00  2.28920E+00
  2.38260E+00  2.47990E+00  2.58110E+00  2.68640E+00  2.79600E+00  2.91010E+00
  3.02890E+00  3.15250E+00  3.28120E+00  3.41510E+00  3.55450E+00  3.69950E+00
  3.85050E+00  4.00760E+00  4.17120E+00  4.34140E+00  4.51860E+00  4.70300E+00
  4.89490E+00  5.09470E+00  5.30260E+00  5.51900E+00  5.74430E+00  5.97870E+00
  6.22270E+00  6.47660E+00  6.74100E+00  7.01610E+00  7.30240E+00  7.60040E+00
  7.91060E+00  8.23340E+00  8.56940E+00  8.91920E+00  9.28320E+00  9.66200E+00
  1.00560E+01  1.04670E+01  1.08940E+01  1.13390E+01  1.18010E+01  1.22830E+01
  1.27840E+01  1.33060E+01  1.38490E+01  1.44140E+01  1.50020E+01  1.56150E+01
  1.62520E+01  1.69150E+01  1.76050E+01  1.83240E+01  1.90720E+01  1.98500E+01
  2.06600E+01
t        0
vals
  2.31668E-02 0.0006  1.14892E-03 0.0028  1.66745E-03 0.0023  1.90329E-03 0.0022
  1.83091E-03 0.0022  1.71313E-03 0.0023  1.93022E-03 0.0022  2.10887E-03 0.0021
  2.28534E-03 0.0020  2.58990E-03 0.0019  2.76560E-03 0.0018  3.16186E-03 0.0017
  3.15741E-03 0.0017  4.11691E-03 0.0015  2.30327E-03 0.0020  3.03047E-03 0.0018
  3.68235E-03 0.0016  3.80114E-03 0.0016  4.16924E-03 0.0015  4.13381E-03 0.0015
  5.09640E-03 0.0014  4.12160E-03 0.0015  4.23008E-03 0.0015  4.75699E-03 0.0014
  5.03071E-03 0.0014  5.13136E-03 0.0014  5.47369E-03 0.0013  5.62579E-03 0.0013
  5.57021E-03 0.0013  6.17883E-03 0.0012  6.83991E-03 0.0012  5.74488E-03 0.0013
  6.74256E-03 0.0012  7.58903E-03 0.0011  7.24716E-03 0.0011  6.85366E-03 0.0012
  7.88076E-03 0.0011  8.26826E-03 0.0011  8.34553E-03 0.0011  7.83353E-03 0.0011
  7.94949E-03 0.0011  8.03828E-03 0.0011  8.57804E-03 0.0011  8.92997E-03 0.0010
  9.08034E-03 0.0010  9.40370E-03 0.0010  9.35690E-03 0.0010  9.80672E-03 0.0010
  9.89296E-03 0.0010  9.98137E-03 0.0010  1.08767E-02 0.0009  1.05354E-02 0.0010
  1.08345E-02 0.0009  1.05189E-02 0.0010  1.11254E-02 0.0009  1.04291E-02 0.0010
  1.00280E-02 0.0010  9.78534E-03 0.0010  9.87520E-03 0.0010  9.53285E-03 0.0010
  9.48886E-03 0.0010  9.45236E-03 0.0010  9.24078E-03 0.0010  9.18356E-03 0.0010
  8.92242E-03 0.0010  9.11867E-03 0.0010  8.87500E-03 0.0010  9.05529E-03 0.0010
  8.65378E-03 0.0011  8.43538E-03 0.0011  8.49374E-03 0.0011  8.50070E-03 0.0011
  8.12943E-03 0.0011  8.08431E-03 0.0011  7.72895E-03 0.0011  7.57152E-03 0.0011
  7.38378E-03 0.0011  7.20689E-03 0.0012  6.97831E-03 0.0012  6.66753E-03 0.0012
  6.57162E-03 0.0012  6.34705E-03 0.0012  6.17899E-03 0.0013  6.00967E-03 0.0013
  5.77292E-03 0.0013  5.57516E-03 0.0013  5.43316E-03 0.0013  5.31380E-03 0.0014
  5.05956E-03 0.0014  4.83893E-03 0.0014  4.65572E-03 0.0014  4.31891E-03 0.0015
  4.16289E-03 0.0015  3.98231E-03 0.0016  3.81684E-03 0.0016  3.63602E-03 0.0016
  3.42336E-03 0.0017  3.28149E-03 0.0017  3.10472E-03 0.0018  2.96184E-03 0.0018
  2.83784E-03 0.0019  2.66067E-03 0.0019  2.56377E-03 0.0019  2.43190E-03 0.0020
  2.33093E-03 0.0020  2.26517E-03 0.0021  2.16446E-03 0.0021  2.11297E-03 0.0021
  2.04505E-03 0.0022  1.99025E-03 0.0022  1.95119E-03 0.0022  1.85585E-03 0.0023
  1.84245E-03 0.0023  1.79773E-03 0.0023  1.75734E-03 0.0023  1.74477E-03 0.0024
  1.76059E-03 0.0023  1.75363E-03 0.0023  1.82258E-03 0.0023  1.86461E-03 0.0023
  1.96530E-03 0.0022  2.25792E-03 0.0021  2.49356E-03 0.0020  2.86350E-03 0.0018
  3.31465E-03 0.0017  3.62689E-03 0.0016  5.80191E-03 0.0013  7.49047E-03 0.0011
  7.83149E-02 0.0003  1.42818E-01 0.0002  1.43772E-01 0.0002  5.34745E-02 0.0004
  5.46176E-02 0.0004  2.62986E-02 0.0006  7.00116E-05 0.0119  6.93348E-05 0.0120
  1.75382E-05 0.0238  1.76474E-05 0.0237  8.96061E-06 0.0333  1.22625E+00 0.0000
tfc   13       1       1       1       1       1       1     140       1
        8192000  1.22591E+00  1.19059E-04  6.64315E+04
       16384000  1.22606E+00  0.00000E+00  1.00000E+30
       24576000  1.22621E+00  0.00000E+00  1.00000E+30
       32768000  1.22628E+00  0.00000E+00  1.00000E+30
       40960000  1.22625E+00  0.00000E+00  1.00000E+30
       49152000  1.22623E+00  0.00000E+00  1.00000E+30
       57344000  1.22624E+00  0.00000E+00  1.00000E+30
       65536000  1.22625E+00  0.00000E+00  1.00000E+30
       73728000  1.22625E+00  0.00000E+00  1.00000E+30
       81920000  1.22625E+00  0.00000E+00  1.00000E+30
       90112000  1.22625E+00  0.00000E+00  1.00000E+30
       98304000  1.22625E+00  0.00000E+00  1.00000E+30
      100000000  1.22625E+00  0.00000E+00  1.00000E+30
