mcnp       6     05/13/18 21:39:36     4        30000000      2326360313
   Leakage from W (40cm dia) sphere 3-d surface tally                           
ntal     2
   21   41
tally   21                   -1    0    0
 1 0 0 0 0 0 0 0 0 0 0 0 0 0 0 0 0 0 0 0 0 0 0 0 0 0 0 0 0 0 0 0 0 0 0 0 0
f        1
      6
d        1
u        0
s        0
m        0
c        0
et     138
  8.96500E-02  9.33100E-02  9.71200E-02  1.01090E-01  1.05210E-01  1.09500E-01
  1.13970E-01  1.18620E-01  1.23470E-01  1.28500E-01  1.33750E-01  1.39210E-01
  1.44890E-01  1.50800E-01  1.56960E-01  1.63360E-01  1.70030E-01  1.76970E-01
  1.84190E-01  1.91710E-01  1.99530E-01  2.07670E-01  2.16150E-01  2.24970E-01
  2.34150E-01  2.43710E-01  2.53650E-01  2.64000E-01  2.74780E-01  2.85990E-01
  2.97660E-01  3.09810E-01  3.22450E-01  3.35610E-01  3.49310E-01  3.63570E-01
  3.78400E-01  3.93850E-01  4.09920E-01  4.26650E-01  4.44060E-01  4.62180E-01
  4.81050E-01  5.00680E-01  5.21110E-01  5.42380E-01  5.64510E-01  5.87550E-01
  6.11530E-01  6.36480E-01  6.62460E-01  6.89500E-01  7.17630E-01  7.46920E-01
  7.77400E-01  8.09130E-01  8.42150E-01  8.76520E-01  9.12290E-01  9.49520E-01
  9.88270E-01  1.02860E+00  1.07060E+00  1.11430E+00  1.15980E+00  1.20710E+00
  1.25630E+00  1.30760E+00  1.36100E+00  1.41650E+00  1.47430E+00  1.53450E+00
  1.59710E+00  1.66230E+00  1.73010E+00  1.80080E+00  1.87420E+00  1.95070E+00
  2.03030E+00  2.11320E+00  2.19940E+00  2.28920E+00  2.38260E+00  2.47990E+00
  2.58110E+00  2.68640E+00  2.79600E+00  2.91010E+00  3.02890E+00  3.15250E+00
  3.28120E+00  3.41510E+00  3.55450E+00  3.69950E+00  3.85050E+00  4.00760E+00
  4.17120E+00  4.34140E+00  4.51860E+00  4.70300E+00  4.89490E+00  5.09470E+00
  5.30260E+00  5.51900E+00  5.74430E+00  5.97870E+00  6.22270E+00  6.47660E+00
  6.74100E+00  7.01610E+00  7.30240E+00  7.60040E+00  7.91060E+00  8.23340E+00
  8.56940E+00  8.91920E+00  9.28320E+00  9.66200E+00  1.00560E+01  1.04670E+01
  1.08940E+01  1.13390E+01  1.18010E+01  1.22830E+01  1.27840E+01  1.33060E+01
  1.38490E+01  1.44140E+01  1.50020E+01  1.56150E+01  1.62520E+01  1.69150E+01
  1.76050E+01  1.83240E+01  1.90720E+01  1.98500E+01  2.06600E+01
t        0
vals
  1.89011E-02 0.0013  1.29348E-03 0.0049  1.28717E-03 0.0049  1.31931E-03 0.0049
  1.44432E-03 0.0047  1.53291E-03 0.0045  1.61574E-03 0.0044  1.77093E-03 0.0042
  1.87398E-03 0.0041  2.07704E-03 0.0039  2.20136E-03 0.0038  2.61592E-03 0.0035
  1.95774E-03 0.0040  2.36064E-03 0.0037  2.67586E-03 0.0035  2.82877E-03 0.0034
  3.03126E-03 0.0033  3.13654E-03 0.0032  3.69101E-03 0.0030  3.33543E-03 0.0031
  3.42658E-03 0.0031  3.68213E-03 0.0030  3.89499E-03 0.0029  3.99200E-03 0.0029
  4.25692E-03 0.0028  4.40579E-03 0.0027  4.46784E-03 0.0027  4.89840E-03 0.0026
  5.25538E-03 0.0025  4.78013E-03 0.0026  5.27464E-03 0.0025  5.76657E-03 0.0024
  5.61370E-03 0.0024  5.57582E-03 0.0024  6.13354E-03 0.0023  6.29763E-03 0.0023
  6.57086E-03 0.0022  6.36320E-03 0.0023  6.53673E-03 0.0022  6.55681E-03 0.0022
  6.89394E-03 0.0022  7.10262E-03 0.0021  7.27064E-03 0.0021  7.42848E-03 0.0021
  7.46530E-03 0.0021  7.72099E-03 0.0021  7.81750E-03 0.0020  7.95592E-03 0.0020
  8.39554E-03 0.0020  8.28201E-03 0.0020  8.44860E-03 0.0020  8.32393E-03 0.0020
  8.69646E-03 0.0019  8.50774E-03 0.0020  8.39042E-03 0.0020  8.39073E-03 0.0020
  8.49573E-03 0.0020  8.51127E-03 0.0020  8.54049E-03 0.0020  8.55529E-03 0.0020
  8.47354E-03 0.0020  8.39895E-03 0.0020  8.31131E-03 0.0020  8.37432E-03 0.0020
  8.16146E-03 0.0020  8.13364E-03 0.0020  7.82333E-03 0.0021  7.63666E-03 0.0021
  7.52255E-03 0.0021  7.35673E-03 0.0021  7.10231E-03 0.0022  7.02492E-03 0.0022
  6.73980E-03 0.0022  6.61026E-03 0.0022  6.38421E-03 0.0023  6.21631E-03 0.0023
  5.98216E-03 0.0023  5.76836E-03 0.0024  5.62879E-03 0.0024  5.43881E-03 0.0025
  5.26766E-03 0.0025  5.02826E-03 0.0026  4.81013E-03 0.0026  4.63185E-03 0.0027
  4.55475E-03 0.0027  4.38971E-03 0.0027  4.15370E-03 0.0028  3.97822E-03 0.0029
  3.80327E-03 0.0029  3.45794E-03 0.0031  3.33014E-03 0.0031  3.12959E-03 0.0032
  2.99047E-03 0.0033  2.86609E-03 0.0034  2.66924E-03 0.0035  2.58635E-03 0.0036
  2.46558E-03 0.0037  2.34776E-03 0.0037  2.29403E-03 0.0038  2.15693E-03 0.0039
  2.11365E-03 0.0039  2.02926E-03 0.0040  1.94937E-03 0.0041  1.92204E-03 0.0041
  1.86377E-03 0.0042  1.85469E-03 0.0042  1.79744E-03 0.0043  1.75288E-03 0.0043
  1.74120E-03 0.0043  1.66445E-03 0.0044  1.66309E-03 0.0044  1.66055E-03 0.0044
  1.63073E-03 0.0045  1.62596E-03 0.0045  1.63545E-03 0.0045  1.62328E-03 0.0045
  1.64952E-03 0.0045  1.68515E-03 0.0044  1.68392E-03 0.0044  1.78387E-03 0.0043
  1.75637E-03 0.0043  1.97302E-03 0.0041  2.12452E-03 0.0039  2.19529E-03 0.0039
  4.41450E-03 0.0027  5.15237E-03 0.0025  9.43606E-02 0.0006  1.80862E-01 0.0004
  1.85542E-01 0.0004  6.77754E-02 0.0007  7.03669E-02 0.0007  3.48281E-02 0.0010
  9.23958E-05 0.0190  8.96936E-05 0.0192  2.21181E-05 0.0388  2.14983E-05 0.0393
  1.18885E-05 0.0529  1.22681E+00 0.0001
tfc   15       1       1       1       1       1       1     138       1
        2048000  1.22657E+00  2.53716E-04  4.61187E+04
        4096000  1.22648E+00  1.79447E-04  5.20044E+04
        6144000  1.22643E+00  1.46515E-04  5.44621E+04
        8192000  1.22644E+00  1.26902E-04  5.52390E+04
       10240000  1.22653E+00  1.13521E-04  5.67521E+04
       12288000  1.22666E+00  1.03641E-04  5.46577E+04
       14336000  1.22667E+00  0.00000E+00  1.00000E+30
       16384000  1.22669E+00  0.00000E+00  1.00000E+30
       18432000  1.22671E+00  0.00000E+00  1.00000E+30
       20480000  1.22672E+00  0.00000E+00  1.00000E+30
       22528000  1.22678E+00  0.00000E+00  1.00000E+30
       24576000  1.22681E+00  0.00000E+00  1.00000E+30
       26624000  1.22682E+00  0.00000E+00  1.00000E+30
       28672000  1.22682E+00  0.00000E+00  1.00000E+30
       30000000  1.22681E+00  0.00000E+00  1.00000E+30
tally   41                   -1    0    0
 0 1 0 0 0 0 0 0 0 0 0 0 0 0 0 0 0 0 0 0 0 0 0 0 0 0 0 0 0 0 0 0 0 0 0 0 0
f        1
      6
d        1
u        0
s        0
m        0
c        0
et      60
  3.00000E-01  4.00000E-01  5.00000E-01  6.00000E-01  7.00000E-01  8.00000E-01
  9.00000E-01  1.00000E+00  1.10000E+00  1.20000E+00  1.30000E+00  1.40000E+00
  1.50000E+00  1.60000E+00  1.70000E+00  1.80000E+00  1.90000E+00  2.00000E+00
  2.10000E+00  2.20000E+00  2.30000E+00  2.40000E+00  2.50000E+00  2.60000E+00
  2.70000E+00  2.80000E+00  2.90000E+00  3.00000E+00  3.10000E+00  3.20000E+00
  3.30000E+00  3.40000E+00  3.50000E+00  3.60000E+00  3.70000E+00  3.80000E+00
  3.90000E+00  4.00000E+00  4.10000E+00  4.20000E+00  4.30000E+00  4.40000E+00
  4.50000E+00  4.60000E+00  4.70000E+00  4.80000E+00  4.90000E+00  5.00000E+00
  5.50000E+00  6.00000E+00  6.50000E+00  7.00000E+00  7.50000E+00  8.00000E+00
  8.50000E+00  9.00000E+00  9.50000E+00  1.00000E+01  1.05000E+01
t        0
vals
  1.18502E-02 0.0022  1.00272E-02 0.0025  1.08115E-02 0.0024  1.50005E-02 0.0020
  1.10969E-02 0.0023  1.21398E-02 0.0022  1.54203E-02 0.0019  1.09741E-02 0.0023
  9.90459E-03 0.0025  9.75990E-03 0.0025  1.09127E-02 0.0023  8.53794E-03 0.0027
  8.73298E-03 0.0026  6.32057E-03 0.0032  5.94460E-03 0.0032  5.39233E-03 0.0034
  4.95202E-03 0.0035  4.17600E-03 0.0039  3.90385E-03 0.0040  3.57215E-03 0.0042
  3.23398E-03 0.0044  2.85383E-03 0.0047  2.55892E-03 0.0049  2.54288E-03 0.0049
  2.14745E-03 0.0053  1.94736E-03 0.0056  1.73384E-03 0.0059  1.62574E-03 0.0060
  1.37536E-03 0.0066  1.26771E-03 0.0068  1.25788E-03 0.0067  1.00467E-03 0.0076
  9.79423E-04 0.0077  8.87742E-04 0.0080  8.33789E-04 0.0082  6.63631E-04 0.0092
  6.12242E-04 0.0096  5.56097E-04 0.0100  5.04991E-04 0.0105  4.45909E-04 0.0111
  3.95384E-04 0.0117  3.65485E-04 0.0121  3.28809E-04 0.0128  2.99522E-04 0.0133
  2.76872E-04 0.0137  2.57342E-04 0.0142  2.31270E-04 0.0150  2.05916E-04 0.0158
  7.95149E-04 0.0080  5.07318E-04 0.0098  3.25973E-04 0.0121  2.20257E-04 0.0145
  1.45489E-04 0.0178  1.02040E-04 0.0211  6.79133E-05 0.0259  4.65933E-05 0.0312
  3.29602E-05 0.0373  2.19342E-05 0.0458  1.52532E-05 0.0553  2.13105E-01 0.0005
tfc   15       1       1       1       1       1       1      60       1
        2048000  2.13474E-01  2.07646E-03  6.88538E+02
        4096000  2.13209E-01  1.46983E-03  7.75135E+02
        6144000  2.13115E-01  1.20081E-03  8.10786E+02
        8192000  2.13034E-01  1.04001E-03  8.22450E+02
       10240000  2.12992E-01  9.30276E-04  8.45112E+02
       12288000  2.12981E-01  8.49166E-04  8.14193E+02
       14336000  2.13061E-01  7.85945E-04  8.23924E+02
       16384000  2.13115E-01  7.35013E-04  8.37911E+02
       18432000  2.13148E-01  6.92908E-04  8.39826E+02
       20480000  2.13107E-01  6.57366E-04  8.50583E+02
       22528000  2.13130E-01  6.26755E-04  8.55165E+02
       24576000  2.13090E-01  6.00129E-04  8.63428E+02
       26624000  2.13098E-01  5.76633E-04  8.67034E+02
       28672000  2.13097E-01  5.55681E-04  8.73554E+02
       30000000  2.13105E-01  5.43233E-04  8.76694E+02
