mcnp       6     05/13/18 19:55:57     8       100000000      3060252990
   Leakage from Al (40cm dia) sphere 3-d surface tally                          
ntal     2
   21   41
tally   21                   -1    0    0
 1 0 0 0 0 0 0 0 0 0 0 0 0 0 0 0 0 0 0 0 0 0 0 0 0 0 0 0 0 0 0 0 0 0 0 0 0
f        1
      6
d        1
u        0
s        0
m        0
c        0
et     135
  1.01090E-01  1.05210E-01  1.09500E-01  1.13970E-01  1.18620E-01  1.23470E-01
  1.28500E-01  1.33750E-01  1.39210E-01  1.44890E-01  1.50800E-01  1.56960E-01
  1.63360E-01  1.70030E-01  1.76970E-01  1.84190E-01  1.91710E-01  1.99530E-01
  2.07670E-01  2.16150E-01  2.24970E-01  2.34150E-01  2.43710E-01  2.53650E-01
  2.64000E-01  2.74780E-01  2.85990E-01  2.97660E-01  3.09810E-01  3.22450E-01
  3.35610E-01  3.49310E-01  3.63570E-01  3.78400E-01  3.93850E-01  4.09920E-01
  4.26650E-01  4.44060E-01  4.62180E-01  4.81050E-01  5.00680E-01  5.21110E-01
  5.42380E-01  5.64510E-01  5.87550E-01  6.11530E-01  6.36480E-01  6.62460E-01
  6.89500E-01  7.17630E-01  7.46920E-01  7.77400E-01  8.09130E-01  8.42150E-01
  8.76520E-01  9.12290E-01  9.49520E-01  9.88270E-01  1.02860E+00  1.07060E+00
  1.11430E+00  1.15980E+00  1.20710E+00  1.25630E+00  1.30760E+00  1.36100E+00
  1.41650E+00  1.47430E+00  1.53450E+00  1.59710E+00  1.66230E+00  1.73010E+00
  1.80080E+00  1.87420E+00  1.95070E+00  2.03030E+00  2.11320E+00  2.19940E+00
  2.28920E+00  2.38260E+00  2.47990E+00  2.58110E+00  2.68640E+00  2.79600E+00
  2.91010E+00  3.02890E+00  3.15250E+00  3.28120E+00  3.41510E+00  3.55450E+00
  3.69950E+00  3.85050E+00  4.00760E+00  4.17120E+00  4.34140E+00  4.51860E+00
  4.70300E+00  4.89490E+00  5.09470E+00  5.30260E+00  5.51900E+00  5.74430E+00
  5.97870E+00  6.22270E+00  6.47660E+00  6.74100E+00  7.01610E+00  7.30240E+00
  7.60040E+00  7.91060E+00  8.23340E+00  8.56940E+00  8.91920E+00  9.28320E+00
  9.66200E+00  1.00560E+01  1.04670E+01  1.08940E+01  1.13390E+01  1.18010E+01
  1.22830E+01  1.27840E+01  1.33060E+01  1.38490E+01  1.44140E+01  1.50020E+01
  1.56150E+01  1.62520E+01  1.69150E+01  1.76050E+01  1.83240E+01  1.90720E+01
  1.98500E+01  2.06600E+01
t        0
vals
  3.70407E-03 0.0016  2.13785E-04 0.0065  2.98742E-04 0.0055  3.42792E-04 0.0051
  3.01220E-04 0.0055  2.11430E-04 0.0065  7.80607E-04 0.0034  8.63368E-04 0.0032
  5.81660E-04 0.0039  1.96903E-04 0.0068  1.69993E-04 0.0073  1.89326E-04 0.0069
  1.69969E-04 0.0073  3.40467E-04 0.0052  4.38066E-04 0.0046  6.11183E-04 0.0039
  6.08783E-04 0.0039  5.87826E-04 0.0039  3.49431E-04 0.0051  3.61597E-04 0.0050
  4.50419E-04 0.0045  6.23429E-04 0.0038  7.46104E-04 0.0035  9.27511E-04 0.0031
  1.08550E-03 0.0029  1.63115E-03 0.0024  7.69893E-04 0.0034  6.90840E-04 0.0036
  8.90878E-04 0.0032  8.27850E-04 0.0033  1.12469E-03 0.0028  1.35829E-03 0.0026
  1.38938E-03 0.0026  1.08692E-03 0.0029  1.96115E-03 0.0022  1.68273E-03 0.0023
  1.15766E-03 0.0028  1.29508E-03 0.0026  1.43064E-03 0.0025  1.60890E-03 0.0024
  1.84726E-03 0.0022  2.04446E-03 0.0021  1.56721E-03 0.0024  1.92991E-03 0.0022
  1.91023E-03 0.0022  2.64240E-03 0.0019  2.30313E-03 0.0020  1.99486E-03 0.0021
  2.80332E-03 0.0018  2.96992E-03 0.0017  3.08174E-03 0.0017  2.90044E-03 0.0018
  2.16038E-03 0.0020  2.81104E-03 0.0018  2.41881E-03 0.0019  2.94256E-03 0.0018
  3.25365E-03 0.0017  3.24006E-03 0.0017  3.45321E-03 0.0016  3.45116E-03 0.0016
  3.75141E-03 0.0016  3.13196E-03 0.0017  2.87311E-03 0.0018  3.27209E-03 0.0017
  3.32131E-03 0.0016  3.68124E-03 0.0016  3.44648E-03 0.0016  3.28638E-03 0.0017
  3.47829E-03 0.0016  3.32992E-03 0.0016  3.61120E-03 0.0016  3.38786E-03 0.0016
  3.37517E-03 0.0016  3.90056E-03 0.0015  3.46162E-03 0.0016  3.42336E-03 0.0016
  3.33214E-03 0.0016  3.38395E-03 0.0016  3.38740E-03 0.0016  3.55484E-03 0.0016
  4.04582E-03 0.0015  3.33558E-03 0.0016  3.55805E-03 0.0016  3.57917E-03 0.0016
  3.75072E-03 0.0016  3.59521E-03 0.0016  3.19272E-03 0.0017  3.17585E-03 0.0017
  3.13834E-03 0.0017  3.23559E-03 0.0017  3.12275E-03 0.0017  3.09947E-03 0.0017
  3.20654E-03 0.0017  3.11769E-03 0.0017  3.15521E-03 0.0017  3.20130E-03 0.0017
  3.15463E-03 0.0017  3.16325E-03 0.0017  3.06321E-03 0.0017  3.08275E-03 0.0017
  3.01901E-03 0.0017  3.00520E-03 0.0017  2.95045E-03 0.0017  2.89062E-03 0.0017
  2.78286E-03 0.0018  2.62927E-03 0.0018  2.33091E-03 0.0019  2.10214E-03 0.0021
  1.85032E-03 0.0022  1.60703E-03 0.0024  1.44864E-03 0.0025  1.33113E-03 0.0026
  1.23826E-03 0.0027  1.34625E-03 0.0026  1.57590E-03 0.0024  1.92525E-03 0.0021
  2.53119E-03 0.0019  3.10060E-03 0.0017  3.58857E-03 0.0016  3.90057E-03 0.0015
  4.40708E-03 0.0014  9.50835E-03 0.0010  1.36566E-02 0.0008  9.80184E-02 0.0003
  1.79258E-01 0.0002  1.81833E-01 0.0002  8.44744E-02 0.0003  8.58336E-02 0.0003
  4.19371E-02 0.0005  1.76277E-04 0.0075  1.73268E-04 0.0075  5.51618E-06 0.0423
  6.07713E-06 0.0403  2.86381E-06 0.0588  9.66595E-01 0.0000
tfc   13       1       1       1       1       1       1     135       1
        8192000  9.66665E-01  0.00000E+00  1.00000E+30
       16384000  9.66627E-01  0.00000E+00  1.00000E+30
       24576000  9.66615E-01  0.00000E+00  1.00000E+30
       32768000  9.66597E-01  0.00000E+00  1.00000E+30
       40960000  9.66598E-01  0.00000E+00  1.00000E+30
       49152000  9.66603E-01  0.00000E+00  1.00000E+30
       57344000  9.66591E-01  0.00000E+00  1.00000E+30
       65536000  9.66600E-01  0.00000E+00  1.00000E+30
       73728000  9.66595E-01  0.00000E+00  1.00000E+30
       81920000  9.66600E-01  0.00000E+00  1.00000E+30
       90112000  9.66594E-01  0.00000E+00  1.00000E+30
       98304000  9.66595E-01  0.00000E+00  1.00000E+30
      100000000  9.66595E-01  0.00000E+00  1.00000E+30
tally   41                   -1    0    0
 0 1 0 0 0 0 0 0 0 0 0 0 0 0 0 0 0 0 0 0 0 0 0 0 0 0 0 0 0 0 0 0 0 0 0 0 0
f        1
      6
d        1
u        0
s        0
m        0
c        0
et      58
  5.00000E-01  6.00000E-01  7.00000E-01  8.00000E-01  9.00000E-01  1.00000E+00
  1.10000E+00  1.20000E+00  1.30000E+00  1.40000E+00  1.50000E+00  1.60000E+00
  1.70000E+00  1.80000E+00  1.90000E+00  2.00000E+00  2.10000E+00  2.20000E+00
  2.30000E+00  2.40000E+00  2.50000E+00  2.60000E+00  2.70000E+00  2.80000E+00
  2.90000E+00  3.00000E+00  3.10000E+00  3.20000E+00  3.30000E+00  3.40000E+00
  3.50000E+00  3.60000E+00  3.70000E+00  3.80000E+00  3.90000E+00  4.00000E+00
  4.10000E+00  4.20000E+00  4.30000E+00  4.40000E+00  4.50000E+00  4.60000E+00
  4.70000E+00  4.80000E+00  4.90000E+00  5.00000E+00  5.50000E+00  6.00000E+00
  6.50000E+00  7.00000E+00  7.50000E+00  8.00000E+00  8.50000E+00  9.00000E+00
  9.50000E+00  1.00000E+01  1.05000E+01
t        0
vals
  1.11896E-01 0.0003  1.69942E-02 0.0008  1.00716E-02 0.0010  1.07772E-02 0.0010
  2.10065E-02 0.0007  1.15617E-02 0.0010  1.61045E-02 0.0008  7.33913E-03 0.0012
  8.01113E-03 0.0012  6.61858E-03 0.0013  7.39715E-03 0.0012  5.19145E-03 0.0014
  5.88224E-03 0.0014  8.97427E-03 0.0011  1.58727E-02 0.0008  3.95739E-03 0.0016
  3.23836E-03 0.0018  3.49068E-03 0.0018  2.14591E-02 0.0007  2.49411E-03 0.0021
  2.50450E-03 0.0021  3.29000E-03 0.0018  2.96023E-03 0.0019  3.84721E-03 0.0017
  3.22636E-03 0.0018  6.64326E-03 0.0013  1.42821E-02 0.0008  1.70847E-03 0.0026
  2.99730E-03 0.0019  1.83413E-03 0.0025  1.91854E-03 0.0024  1.96856E-03 0.0024
  1.84221E-03 0.0025  1.86301E-03 0.0024  1.44442E-03 0.0028  2.20446E-03 0.0022
  1.39346E-03 0.0028  1.41438E-03 0.0028  1.64897E-03 0.0026  1.34480E-03 0.0029
  1.74471E-03 0.0025  2.10626E-03 0.0022  1.19653E-03 0.0030  1.14110E-03 0.0031
  1.33390E-03 0.0028  1.02728E-03 0.0033  4.93500E-03 0.0015  3.76706E-03 0.0017
  3.28308E-03 0.0018  2.94240E-03 0.0019  2.60236E-03 0.0020  2.09164E-03 0.0022
  1.56544E-03 0.0026  1.10292E-03 0.0031  7.09811E-04 0.0038  4.16575E-04 0.0050
  2.31432E-04 0.0068  3.90872E-01 0.0002
tfc   13       1       1       1       1       1       1      58       1
        8192000  3.90744E-01  6.19158E-04  2.70115E+03
       16384000  3.90897E-01  4.37667E-04  2.74426E+03
       24576000  3.90883E-01  3.57348E-04  2.76559E+03
       32768000  3.90873E-01  3.09452E-04  2.77386E+03
       40960000  3.90870E-01  2.76783E-04  2.77846E+03
       49152000  3.90813E-01  2.52686E-04  2.78519E+03
       57344000  3.90843E-01  2.33924E-04  2.78683E+03
       65536000  3.90883E-01  2.18812E-04  2.78955E+03
       73728000  3.90852E-01  2.06302E-04  2.79231E+03
       81920000  3.90870E-01  1.95712E-04  2.79343E+03
       90112000  3.90889E-01  1.86607E-04  2.79388E+03
       98304000  3.90865E-01  1.78671E-04  2.79043E+03
      100000000  3.90872E-01  1.77149E-04  2.79132E+03
