mcnp       6     05/13/18 21:26:54     8       100000000      3691285878
   Leakage from Ti (40cm dia) sphere 3-d surface tally                          
ntal     2
   21   41
tally   21                   -1    0    0
 1 0 0 0 0 0 0 0 0 0 0 0 0 0 0 0 0 0 0 0 0 0 0 0 0 0 0 0 0 0 0 0 0 0 0 0 0
f        1
      6
d        1
u        0
s        0
m        0
c        0
et     138
  7.95200E-02  8.27600E-02  8.61400E-02  8.96500E-02  9.33100E-02  9.71200E-02
  1.01090E-01  1.05210E-01  1.09500E-01  1.13970E-01  1.18620E-01  1.23470E-01
  1.28500E-01  1.33750E-01  1.39210E-01  1.44890E-01  1.50800E-01  1.56960E-01
  1.63360E-01  1.70030E-01  1.76970E-01  1.84190E-01  1.91710E-01  1.99530E-01
  2.07670E-01  2.16150E-01  2.24970E-01  2.34150E-01  2.43710E-01  2.53650E-01
  2.64000E-01  2.74780E-01  2.85990E-01  2.97660E-01  3.09810E-01  3.22450E-01
  3.35610E-01  3.49310E-01  3.63570E-01  3.78400E-01  3.93850E-01  4.09920E-01
  4.26650E-01  4.44060E-01  4.62180E-01  4.81050E-01  5.00680E-01  5.21110E-01
  5.42380E-01  5.64510E-01  5.87550E-01  6.11530E-01  6.36480E-01  6.62460E-01
  6.89500E-01  7.17630E-01  7.46920E-01  7.77400E-01  8.09130E-01  8.42150E-01
  8.76520E-01  9.12290E-01  9.49520E-01  9.88270E-01  1.02860E+00  1.07060E+00
  1.11430E+00  1.15980E+00  1.20710E+00  1.25630E+00  1.30760E+00  1.36100E+00
  1.41650E+00  1.47430E+00  1.53450E+00  1.59710E+00  1.66230E+00  1.73010E+00
  1.80080E+00  1.87420E+00  1.95070E+00  2.03030E+00  2.11320E+00  2.19940E+00
  2.28920E+00  2.38260E+00  2.47990E+00  2.58110E+00  2.68640E+00  2.79600E+00
  2.91010E+00  3.02890E+00  3.15250E+00  3.28120E+00  3.41510E+00  3.55450E+00
  3.69950E+00  3.85050E+00  4.00760E+00  4.17120E+00  4.34140E+00  4.51860E+00
  5.30260E+00  5.51900E+00  5.74430E+00  5.97870E+00  6.22270E+00  6.47660E+00
  6.74100E+00  7.01610E+00  7.30240E+00  7.60040E+00  7.91060E+00  8.23340E+00
  8.56940E+00  8.91920E+00  9.28320E+00  9.66200E+00  1.00560E+01  1.04670E+01
  1.08940E+01  1.13390E+01  1.18010E+01  1.22830E+01  1.27840E+01  1.33060E+01
  1.38490E+01  1.44140E+01  1.50020E+01  1.56150E+01  1.62520E+01  1.69150E+01
  1.76050E+01  1.83240E+01  1.90720E+01  1.98500E+01  2.06600E+01
t        0
vals
  7.42989E-03 0.0011  5.39648E-04 0.0042  2.87032E-04 0.0057  3.83145E-04 0.0050
  3.94897E-04 0.0049  3.87620E-04 0.0049  3.22449E-04 0.0054  3.87221E-04 0.0050
  4.56830E-04 0.0046  5.20759E-04 0.0043  6.24932E-04 0.0039  4.75206E-04 0.0045
  6.46907E-04 0.0038  5.77510E-04 0.0041  6.79069E-04 0.0037  4.85444E-04 0.0044
  5.67568E-04 0.0041  5.78696E-04 0.0041  7.32623E-04 0.0036  9.51983E-04 0.0032
  1.01526E-03 0.0031  1.27682E-03 0.0027  7.40873E-04 0.0036  5.50706E-04 0.0042
  8.66504E-04 0.0033  1.03878E-03 0.0030  1.15342E-03 0.0029  1.33841E-03 0.0027
  1.81973E-03 0.0023  1.07634E-03 0.0030  1.38585E-03 0.0026  1.16794E-03 0.0029
  1.07366E-03 0.0030  1.54064E-03 0.0025  1.90929E-03 0.0022  1.40678E-03 0.0026
  1.87645E-03 0.0023  1.52824E-03 0.0025  1.54468E-03 0.0025  2.04671E-03 0.0022
  2.15565E-03 0.0021  2.16376E-03 0.0021  2.10614E-03 0.0021  2.69815E-03 0.0019
  2.41659E-03 0.0020  2.06976E-03 0.0021  2.32737E-03 0.0020  2.63707E-03 0.0019
  2.67070E-03 0.0019  3.05041E-03 0.0018  3.19239E-03 0.0017  3.61038E-03 0.0016
  3.56858E-03 0.0016  4.25513E-03 0.0015  3.80770E-03 0.0016  3.65302E-03 0.0016
  3.33353E-03 0.0017  3.43503E-03 0.0017  4.00729E-03 0.0015  4.64960E-03 0.0014
  4.56091E-03 0.0014  4.63522E-03 0.0014  4.92542E-03 0.0014  4.47935E-03 0.0015
  4.76515E-03 0.0014  4.29323E-03 0.0015  4.71284E-03 0.0014  5.53918E-03 0.0013
  5.17227E-03 0.0014  4.72498E-03 0.0014  5.36792E-03 0.0013  5.23710E-03 0.0014
  4.88996E-03 0.0014  4.82077E-03 0.0014  5.09649E-03 0.0014  4.97658E-03 0.0014
  5.05310E-03 0.0014  5.00876E-03 0.0014  5.09743E-03 0.0014  5.13817E-03 0.0014
  4.76057E-03 0.0014  4.88100E-03 0.0014  4.76003E-03 0.0014  4.74722E-03 0.0014
  4.86102E-03 0.0014  4.79645E-03 0.0014  4.68376E-03 0.0014  4.82022E-03 0.0014
  4.41980E-03 0.0015  4.72839E-03 0.0014  4.75524E-03 0.0014  4.61262E-03 0.0014
  3.80159E-03 0.0016  3.66710E-03 0.0016  3.64580E-03 0.0016  3.60291E-03 0.0016
  3.50914E-03 0.0016  3.40266E-03 0.0017  3.45658E-03 0.0017  3.37432E-03 0.0017
  3.29962E-03 0.0017  3.26642E-03 0.0017  1.22348E-02 0.0009  2.92300E-03 0.0018
  2.80948E-03 0.0018  2.77990E-03 0.0018  2.67997E-03 0.0019  2.59663E-03 0.0019
  2.56362E-03 0.0019  2.44342E-03 0.0020  2.39078E-03 0.0020  2.32204E-03 0.0020
  2.25675E-03 0.0020  2.17353E-03 0.0021  2.06179E-03 0.0021  1.92186E-03 0.0022
  1.85261E-03 0.0023  1.82810E-03 0.0023  1.81639E-03 0.0023  1.97249E-03 0.0022
  1.97034E-03 0.0022  2.36349E-03 0.0020  2.84710E-03 0.0018  3.57473E-03 0.0016
  1.22292E-02 0.0009  1.46628E-02 0.0008  9.09572E-02 0.0003  1.65274E-01 0.0002
  1.69545E-01 0.0002  9.52376E-02 0.0003  9.74866E-02 0.0003  4.82303E-02 0.0004
  2.37408E-04 0.0065  2.42079E-04 0.0064  1.14238E-04 0.0093  1.14441E-04 0.0093
  5.68775E-05 0.0132  1.05271E+00 0.0000
tfc   13       1       1       1       1       1       1     138       1
        8192000  1.05267E+00  0.00000E+00  1.00000E+30
       16384000  1.05274E+00  0.00000E+00  1.00000E+30
       24576000  1.05275E+00  0.00000E+00  1.00000E+30
       32768000  1.05273E+00  0.00000E+00  1.00000E+30
       40960000  1.05272E+00  0.00000E+00  1.00000E+30
       49152000  1.05273E+00  0.00000E+00  1.00000E+30
       57344000  1.05272E+00  0.00000E+00  1.00000E+30
       65536000  1.05271E+00  0.00000E+00  1.00000E+30
       73728000  1.05271E+00  0.00000E+00  1.00000E+30
       81920000  1.05271E+00  0.00000E+00  1.00000E+30
       90112000  1.05270E+00  0.00000E+00  1.00000E+30
       98304000  1.05271E+00  0.00000E+00  1.00000E+30
      100000000  1.05271E+00  0.00000E+00  1.00000E+30
tally   41                   -1    0    0
 0 1 0 0 0 0 0 0 0 0 0 0 0 0 0 0 0 0 0 0 0 0 0 0 0 0 0 0 0 0 0 0 0 0 0 0 0
f        1
      6
d        1
u        0
s        0
m        0
c        0
et      51
  5.00000E-01  6.00000E-01  7.00000E-01  8.00000E-01  9.00000E-01  1.00000E+00
  1.10000E+00  1.20000E+00  1.30000E+00  1.40000E+00  1.50000E+00  1.60000E+00
  1.70000E+00  1.80000E+00  1.90000E+00  2.00000E+00  2.10000E+00  2.20000E+00
  2.30000E+00  2.40000E+00  2.50000E+00  2.60000E+00  2.70000E+00  2.80000E+00
  2.90000E+00  3.00000E+00  3.10000E+00  3.20000E+00  3.30000E+00  3.40000E+00
  3.50000E+00  3.60000E+00  3.70000E+00  3.80000E+00  3.90000E+00  4.00000E+00
  4.20000E+00  4.40000E+00  4.60000E+00  4.80000E+00  5.00000E+00  5.20000E+00
  5.40000E+00  5.60000E+00  5.80000E+00  6.00000E+00  7.00000E+00  8.00000E+00
  9.00000E+00  1.00000E+01
t        0
vals
  1.47425E-01 0.0003  2.77016E-02 0.0007  1.66879E-02 0.0009  1.64843E-02 0.0009
  2.81088E-02 0.0007  5.52999E-02 0.0005  1.45825E-02 0.0010  1.11842E-02 0.0011
  1.24330E-02 0.0010  2.14948E-02 0.0008  1.12593E-02 0.0011  8.70910E-03 0.0012
  6.33839E-03 0.0014  6.15892E-03 0.0015  5.37507E-03 0.0016  4.06354E-03 0.0018
  5.60562E-03 0.0016  4.39553E-03 0.0018  5.91392E-03 0.0015  9.44870E-03 0.0012
  5.61647E-03 0.0015  4.21366E-03 0.0018  4.47699E-03 0.0017  5.23788E-03 0.0016
  4.06565E-03 0.0018  3.94982E-03 0.0019  4.23903E-03 0.0018  2.90862E-03 0.0022
  3.55138E-03 0.0020  2.87686E-03 0.0022  2.77988E-03 0.0022  2.74394E-03 0.0022
  3.00564E-03 0.0021  2.76401E-03 0.0022  2.35829E-03 0.0024  2.21958E-03 0.0025
  4.23690E-03 0.0018  4.01462E-03 0.0019  3.50658E-03 0.0020  3.20866E-03 0.0021
  2.88928E-03 0.0022  2.63374E-03 0.0023  2.36217E-03 0.0024  2.14976E-03 0.0026
  1.93914E-03 0.0027  1.74561E-03 0.0028  6.50715E-03 0.0015  3.62254E-03 0.0020
  1.76490E-03 0.0028  8.30536E-04 0.0041  5.17089E-01 0.0002
tfc   13       1       1       1       1       1       1      51       1
        8192000  5.17229E-01  6.14683E-04  2.55841E+03
       16384000  5.17279E-01  4.34447E-04  2.63220E+03
       24576000  5.17406E-01  3.54643E-04  2.65448E+03
       32768000  5.17302E-01  3.07109E-04  2.67021E+03
       40960000  5.17218E-01  2.74703E-04  2.67407E+03
       49152000  5.17062E-01  2.50784E-04  2.68186E+03
       57344000  5.17162E-01  2.32138E-04  2.68833E+03
       65536000  5.17190E-01  2.17143E-04  2.69212E+03
       73728000  5.17177E-01  2.04715E-04  2.69645E+03
       81920000  5.17156E-01  1.94212E-04  2.69546E+03
       90112000  5.17119E-01  1.85180E-04  2.69613E+03
       98304000  5.17075E-01  1.77299E-04  2.69286E+03
      100000000  5.17089E-01  1.75789E-04  2.69402E+03
