mcnp       6     05/13/18 21:43:47    11       100000000     23177242970
   Leakage from Zr (61cm dia) sphere 3-d surface tally                          
ntal     1
   21
tally   21                   -1    0    0
 1 0 0 0 0 0 0 0 0 0 0 0 0 0 0 0 0 0 0 0 0 0 0 0 0 0 0 0 0 0 0 0 0 0 0 0 0
f        1
      6
d        1
u        0
s        0
m        0
c        0
et     153
  4.92000E-02  5.12100E-02  5.33000E-02  5.54800E-02  5.77400E-02  6.01000E-02
  6.25500E-02  6.51000E-02  6.77600E-02  7.05300E-02  7.34000E-02  7.64000E-02
  7.95200E-02  8.27600E-02  8.61400E-02  8.96500E-02  9.33100E-02  9.71200E-02
  1.01090E-01  1.05210E-01  1.09500E-01  1.13970E-01  1.18620E-01  1.23470E-01
  1.28500E-01  1.33750E-01  1.39210E-01  1.44890E-01  1.50800E-01  1.56960E-01
  1.63360E-01  1.70030E-01  1.76970E-01  1.84190E-01  1.91710E-01  1.99530E-01
  2.07670E-01  2.16150E-01  2.24970E-01  2.34150E-01  2.43710E-01  2.53650E-01
  2.64000E-01  2.74780E-01  2.85990E-01  2.97660E-01  3.09810E-01  3.22450E-01
  3.35610E-01  3.49310E-01  3.63570E-01  3.78400E-01  3.93850E-01  4.09920E-01
  4.26650E-01  4.44060E-01  4.62180E-01  4.81050E-01  5.00680E-01  5.21110E-01
  5.42380E-01  5.64510E-01  5.87550E-01  6.11530E-01  6.36480E-01  6.62460E-01
  6.89500E-01  7.17630E-01  7.46920E-01  7.77400E-01  8.09130E-01  8.42150E-01
  8.76520E-01  9.12290E-01  9.49520E-01  9.88270E-01  1.02860E+00  1.07060E+00
  1.11430E+00  1.15980E+00  1.20710E+00  1.25630E+00  1.30760E+00  1.36100E+00
  1.41650E+00  1.47430E+00  1.53450E+00  1.59710E+00  1.66230E+00  1.73010E+00
  1.80080E+00  1.87420E+00  1.95070E+00  2.03030E+00  2.11320E+00  2.19940E+00
  2.28920E+00  2.38260E+00  2.47990E+00  2.58110E+00  2.68640E+00  2.79600E+00
  2.91010E+00  3.02890E+00  3.15250E+00  3.28120E+00  3.41510E+00  3.55450E+00
  3.69950E+00  3.85050E+00  4.00760E+00  4.17120E+00  4.34140E+00  4.51860E+00
  4.70300E+00  4.89490E+00  5.09470E+00  5.30260E+00  5.51900E+00  5.74430E+00
  5.97870E+00  6.22270E+00  6.47660E+00  6.74100E+00  7.01610E+00  7.30240E+00
  7.60040E+00  7.91060E+00  8.23340E+00  8.56940E+00  8.91920E+00  9.28320E+00
  9.66200E+00  1.00560E+01  1.04670E+01  1.08940E+01  1.13390E+01  1.18010E+01
  1.22830E+01  1.27840E+01  1.33060E+01  1.38490E+01  1.44140E+01  1.50020E+01
  1.56150E+01  1.62520E+01  1.69150E+01  1.76050E+01  1.83240E+01  1.90720E+01
  1.98500E+01  2.06600E+01
t        0
vals
  1.14679E-02 0.0009  8.11151E-04 0.0034  9.18788E-04 0.0032  1.01767E-03 0.0031
  1.06529E-03 0.0030  1.26019E-03 0.0028  1.50351E-03 0.0025  1.33044E-03 0.0027
  1.25697E-03 0.0028  2.04717E-03 0.0022  1.45773E-03 0.0026  1.13622E-03 0.0029
  2.23657E-03 0.0021  2.03838E-03 0.0022  1.31424E-03 0.0027  1.83288E-03 0.0023
  2.29759E-03 0.0020  2.22289E-03 0.0021  1.82431E-03 0.0023  2.51418E-03 0.0019
  2.08589E-03 0.0021  2.82569E-03 0.0018  3.60619E-03 0.0016  3.40704E-03 0.0017
  4.28638E-03 0.0015  4.40027E-03 0.0015  5.68129E-03 0.0013  3.95053E-03 0.0016
  4.60251E-03 0.0014  3.76273E-03 0.0016  5.33499E-03 0.0013  4.63908E-03 0.0014
  5.06298E-03 0.0014  6.06390E-03 0.0013  5.02212E-03 0.0014  5.05943E-03 0.0014
  5.75384E-03 0.0013  6.11502E-03 0.0013  6.23749E-03 0.0012  6.63945E-03 0.0012
  6.85203E-03 0.0012  6.76417E-03 0.0012  7.46182E-03 0.0011  8.29767E-03 0.0011
  7.03517E-03 0.0012  8.15390E-03 0.0011  9.05826E-03 0.0010  8.64096E-03 0.0011
  8.41519E-03 0.0011  9.63979E-03 0.0010  1.00486E-02 0.0010  1.03687E-02 0.0010
  9.71339E-03 0.0010  1.00713E-02 0.0010  1.01922E-02 0.0010  1.09441E-02 0.0009
  1.11888E-02 0.0009  1.13893E-02 0.0009  1.18102E-02 0.0009  1.18036E-02 0.0009
  1.24218E-02 0.0009  1.27243E-02 0.0009  1.30902E-02 0.0009  1.43872E-02 0.0008
  1.40547E-02 0.0008  1.45667E-02 0.0008  1.42011E-02 0.0008  1.52254E-02 0.0008
  1.46159E-02 0.0008  1.43769E-02 0.0008  1.44610E-02 0.0008  1.50305E-02 0.0008
  1.50380E-02 0.0008  1.52006E-02 0.0008  1.52550E-02 0.0008  1.48069E-02 0.0008
  1.44692E-02 0.0008  1.39497E-02 0.0008  1.41435E-02 0.0008  1.37295E-02 0.0008
  1.40161E-02 0.0008  1.34252E-02 0.0008  1.31452E-02 0.0009  1.31613E-02 0.0009
  1.32301E-02 0.0009  1.26466E-02 0.0009  1.27203E-02 0.0009  1.20410E-02 0.0009
  1.18739E-02 0.0009  1.16119E-02 0.0009  1.12022E-02 0.0009  1.07165E-02 0.0009
  1.01693E-02 0.0010  9.81178E-03 0.0010  9.30419E-03 0.0010  8.77585E-03 0.0010
  8.12783E-03 0.0011  7.45825E-03 0.0011  6.84372E-03 0.0012  6.52816E-03 0.0012
  6.25112E-03 0.0012  6.02288E-03 0.0013  5.71472E-03 0.0013  5.38845E-03 0.0013
  4.84787E-03 0.0014  4.59047E-03 0.0015  4.39289E-03 0.0015  4.18978E-03 0.0015
  4.01475E-03 0.0016  3.81594E-03 0.0016  3.67194E-03 0.0016  3.49550E-03 0.0017
  3.33140E-03 0.0017  3.18200E-03 0.0017  2.97646E-03 0.0018  2.83608E-03 0.0018
  2.71306E-03 0.0019  2.59621E-03 0.0019  2.51889E-03 0.0020  2.41683E-03 0.0020
  2.34850E-03 0.0020  2.26014E-03 0.0021  2.17577E-03 0.0021  2.12751E-03 0.0021
  2.05741E-03 0.0022  2.02921E-03 0.0022  2.01129E-03 0.0022  1.98954E-03 0.0022
  1.96348E-03 0.0022  1.91346E-03 0.0022  1.82014E-03 0.0023  1.77391E-03 0.0023
  1.74150E-03 0.0024  1.68075E-03 0.0024  1.75649E-03 0.0023  2.14732E-03 0.0021
  2.76446E-03 0.0019  3.59662E-03 0.0016  4.08557E-03 0.0015  7.65541E-03 0.0011
  8.47344E-03 0.0011  4.93180E-02 0.0004  8.47279E-02 0.0003  8.52696E-02 0.0003
  4.84824E-02 0.0004  4.97287E-02 0.0004  2.32382E-02 0.0006  1.20390E-04 0.0090
  1.18827E-04 0.0091  5.70257E-05 0.0131  5.77171E-05 0.0130  2.74637E-05 0.0189
  1.30498E+00 0.0000
tfc   13       1       1       1       1       1       1     153       1
        8192000  1.30478E+00  1.22989E-04  3.18446E+04
       16384000  1.30486E+00  0.00000E+00  1.00000E+30
       24576000  1.30495E+00  0.00000E+00  1.00000E+30
       32768000  1.30502E+00  0.00000E+00  1.00000E+30
       40960000  1.30500E+00  0.00000E+00  1.00000E+30
       49152000  1.30499E+00  0.00000E+00  1.00000E+30
       57344000  1.30493E+00  0.00000E+00  1.00000E+30
       65536000  1.30495E+00  0.00000E+00  1.00000E+30
       73728000  1.30497E+00  0.00000E+00  1.00000E+30
       81920000  1.30495E+00  0.00000E+00  1.00000E+30
       90112000  1.30498E+00  0.00000E+00  1.00000E+30
       98304000  1.30498E+00  0.00000E+00  1.00000E+30
      100000000  1.30498E+00  0.00000E+00  1.00000E+30
