mcnp       6     05/13/18 21:01:26     8       100000000      4640822996
   Leakage from Mo (61cm dia) sphere 3-d surface tally                          
ntal     1
   21
tally   21                   -1    0    0
 1 0 0 0 0 0 0 0 0 0 0 0 0 0 0 0 0 0 0 0 0 0 0 0 0 0 0 0 0 0 0 0 0 0 0 0 0
f        1
      6
d        1
u        0
s        0
m        0
c        0
et     140
  8.27600E-02  8.61400E-02  8.96500E-02  9.33100E-02  9.71200E-02  1.01090E-01
  1.05210E-01  1.09500E-01  1.13970E-01  1.18620E-01  1.23470E-01  1.28500E-01
  1.33750E-01  1.39210E-01  1.44890E-01  1.50800E-01  1.56960E-01  1.63360E-01
  1.70030E-01  1.76970E-01  1.84190E-01  1.91710E-01  1.99530E-01  2.07670E-01
  2.16150E-01  2.24970E-01  2.34150E-01  2.43710E-01  2.53650E-01  2.64000E-01
  2.74780E-01  2.85990E-01  2.97660E-01  3.09810E-01  3.22450E-01  3.35610E-01
  3.49310E-01  3.63570E-01  3.78400E-01  3.93850E-01  4.09920E-01  4.26650E-01
  4.44060E-01  4.62180E-01  4.81050E-01  5.00680E-01  5.21110E-01  5.42380E-01
  5.64510E-01  5.87550E-01  6.11530E-01  6.36480E-01  6.62460E-01  6.89500E-01
  7.17630E-01  7.46920E-01  7.77400E-01  8.09130E-01  8.42150E-01  8.76520E-01
  9.12290E-01  9.49520E-01  9.88270E-01  1.02860E+00  1.07060E+00  1.11430E+00
  1.15980E+00  1.20710E+00  1.25630E+00  1.30760E+00  1.36100E+00  1.41650E+00
  1.47430E+00  1.53450E+00  1.59710E+00  1.66230E+00  1.73010E+00  1.80080E+00
  1.87420E+00  1.95070E+00  2.03030E+00  2.11320E+00  2.19940E+00  2.28920E+00
  2.38260E+00  2.47990E+00  2.58110E+00  2.68640E+00  2.79600E+00  2.91010E+00
  3.02890E+00  3.15250E+00  3.28120E+00  3.41510E+00  3.55450E+00  3.69950E+00
  3.85050E+00  4.00760E+00  4.17120E+00  4.34140E+00  4.51860E+00  4.70300E+00
  4.89490E+00  5.09470E+00  5.30260E+00  5.51900E+00  5.74430E+00  5.97870E+00
  6.22270E+00  6.47660E+00  6.74100E+00  7.01610E+00  7.30240E+00  7.60040E+00
  7.91060E+00  8.23340E+00  8.56940E+00  8.91920E+00  9.28320E+00  9.66200E+00
  1.00560E+01  1.04670E+01  1.08940E+01  1.13390E+01  1.18010E+01  1.22830E+01
  1.27840E+01  1.33060E+01  1.38490E+01  1.44140E+01  1.50020E+01  1.56150E+01
  1.62520E+01  1.69150E+01  1.76050E+01  1.83240E+01  1.90720E+01  1.98500E+01
  2.06600E+01
t        0
vals
  2.22004E-02 0.0006  1.10739E-03 0.0029  1.55026E-03 0.0024  1.72907E-03 0.0023
  1.63843E-03 0.0024  1.66531E-03 0.0024  1.94698E-03 0.0022  2.10042E-03 0.0021
  2.23518E-03 0.0020  2.55490E-03 0.0019  2.71270E-03 0.0019  3.10869E-03 0.0017
  3.06945E-03 0.0017  3.94300E-03 0.0015  2.26301E-03 0.0020  2.98101E-03 0.0018
  3.64448E-03 0.0016  3.75682E-03 0.0016  4.17883E-03 0.0015  4.11112E-03 0.0015
  5.05110E-03 0.0014  4.13889E-03 0.0015  4.18793E-03 0.0015  4.75268E-03 0.0014
  5.07285E-03 0.0014  5.17788E-03 0.0014  5.51239E-03 0.0013  5.69054E-03 0.0013
  5.61855E-03 0.0013  6.22133E-03 0.0012  6.90034E-03 0.0012  5.79301E-03 0.0013
  6.74479E-03 0.0012  7.50728E-03 0.0011  7.09627E-03 0.0012  6.86152E-03 0.0012
  7.88462E-03 0.0011  8.15422E-03 0.0011  8.40033E-03 0.0011  7.72990E-03 0.0011
  7.98032E-03 0.0011  8.05403E-03 0.0011  8.63029E-03 0.0011  8.79743E-03 0.0010
  8.88589E-03 0.0010  9.14235E-03 0.0010  9.05236E-03 0.0010  9.43768E-03 0.0010
  9.48543E-03 0.0010  9.63347E-03 0.0010  1.04356E-02 0.0010  1.01109E-02 0.0010
  1.03516E-02 0.0010  9.96314E-03 0.0010  1.05595E-02 0.0010  9.96236E-03 0.0010
  9.52447E-03 0.0010  9.24259E-03 0.0010  9.30206E-03 0.0010  9.07036E-03 0.0010
  9.00185E-03 0.0010  9.04823E-03 0.0010  8.94347E-03 0.0010  8.89157E-03 0.0010
  8.69285E-03 0.0011  8.93794E-03 0.0010  8.67078E-03 0.0011  8.90881E-03 0.0010
  8.49214E-03 0.0011  8.34244E-03 0.0011  8.38797E-03 0.0011  8.43255E-03 0.0011
  8.11690E-03 0.0011  8.21490E-03 0.0011  7.73942E-03 0.0011  7.64215E-03 0.0011
  7.46067E-03 0.0011  7.29480E-03 0.0012  7.10809E-03 0.0012  6.85959E-03 0.0012
  6.76903E-03 0.0012  6.55309E-03 0.0012  6.39635E-03 0.0012  6.20830E-03 0.0013
  6.02493E-03 0.0013  5.79336E-03 0.0013  5.70816E-03 0.0013  5.56650E-03 0.0013
  5.32406E-03 0.0014  5.10872E-03 0.0014  4.94868E-03 0.0014  4.65719E-03 0.0014
  4.48622E-03 0.0015  4.31178E-03 0.0015  4.16072E-03 0.0015  4.01769E-03 0.0016
  3.82031E-03 0.0016  3.72349E-03 0.0016  3.53824E-03 0.0017  3.41911E-03 0.0017
  3.30921E-03 0.0017  3.11986E-03 0.0018  3.03522E-03 0.0018  2.90998E-03 0.0018
  2.81335E-03 0.0019  2.75022E-03 0.0019  2.64112E-03 0.0019  2.59893E-03 0.0019
  2.52802E-03 0.0020  2.47532E-03 0.0020  2.46040E-03 0.0020  2.40015E-03 0.0020
  2.38257E-03 0.0020  2.36361E-03 0.0020  2.32215E-03 0.0020  2.30966E-03 0.0020
  2.28260E-03 0.0021  2.23841E-03 0.0021  2.20036E-03 0.0021  2.14818E-03 0.0021
  2.09368E-03 0.0022  2.12867E-03 0.0021  2.07266E-03 0.0022  2.28486E-03 0.0021
  2.69578E-03 0.0019  2.98576E-03 0.0018  5.00903E-03 0.0014  6.19883E-03 0.0012
  7.63285E-02 0.0003  1.42394E-01 0.0002  1.44744E-01 0.0002  5.34995E-02 0.0004
  5.50124E-02 0.0004  2.68938E-02 0.0006  7.02849E-05 0.0118  7.02419E-05 0.0119
  1.76290E-05 0.0237  1.78918E-05 0.0235  9.30820E-06 0.0326  1.22615E+00 0.0000
tfc   13       1       1       1       1       1       1     140       1
        8192000  1.22584E+00  1.19337E-04  6.30071E+04
       16384000  1.22600E+00  0.00000E+00  1.00000E+30
       24576000  1.22613E+00  0.00000E+00  1.00000E+30
       32768000  1.22617E+00  0.00000E+00  1.00000E+30
       40960000  1.22616E+00  0.00000E+00  1.00000E+30
       49152000  1.22614E+00  0.00000E+00  1.00000E+30
       57344000  1.22616E+00  0.00000E+00  1.00000E+30
       65536000  1.22616E+00  0.00000E+00  1.00000E+30
       73728000  1.22616E+00  0.00000E+00  1.00000E+30
       81920000  1.22615E+00  0.00000E+00  1.00000E+30
       90112000  1.22616E+00  0.00000E+00  1.00000E+30
       98304000  1.22616E+00  0.00000E+00  1.00000E+30
      100000000  1.22615E+00  0.00000E+00  1.00000E+30
