mcnp       6     05/13/18 20:08:00     8       100000000      4708062263
   Leakage from Co (40cm dia) sphere 3-d surface tally                          
ntal     2
   21   41
tally   21                   -1    0    0
 1 0 0 0 0 0 0 0 0 0 0 0 0 0 0 0 0 0 0 0 0 0 0 0 0 0 0 0 0 0 0 0 0 0 0 0 0
f        1
      6
d        1
u        0
s        0
m        0
c        0
et     106
  1.06260E-01  1.11710E-01  1.17440E-01  1.23460E-01  1.29790E-01  1.36440E-01
  1.43440E-01  1.50790E-01  1.58530E-01  1.66650E-01  1.75200E-01  1.84180E-01
  1.93620E-01  2.03550E-01  2.13990E-01  2.24960E-01  2.36490E-01  2.48620E-01
  2.61360E-01  2.74760E-01  2.88850E-01  3.03660E-01  3.19230E-01  3.35600E-01
  3.52800E-01  3.70890E-01  3.89910E-01  4.09900E-01  4.30920E-01  4.53010E-01
  4.76240E-01  5.00650E-01  5.26320E-01  5.53310E-01  5.81680E-01  6.11500E-01
  6.42850E-01  6.75810E-01  7.10460E-01  7.46890E-01  7.85180E-01  8.25440E-01
  8.67760E-01  9.12250E-01  9.59020E-01  1.00820E+00  1.05990E+00  1.11420E+00
  1.17140E+00  1.23140E+00  1.29450E+00  1.36090E+00  1.43070E+00  1.50400E+00
  1.58120E+00  1.66220E+00  1.74750E+00  1.83700E+00  1.93120E+00  2.03020E+00
  2.13430E+00  2.24380E+00  2.35880E+00  2.47980E+00  2.60690E+00  2.74050E+00
  2.88110E+00  3.02880E+00  3.18410E+00  3.34730E+00  3.51890E+00  3.69930E+00
  3.88900E+00  4.08840E+00  4.29800E+00  4.51840E+00  4.75010E+00  4.99360E+00
  5.24960E+00  5.51880E+00  5.80170E+00  6.09920E+00  6.41190E+00  6.74060E+00
  7.08620E+00  7.44960E+00  7.83150E+00  8.23300E+00  8.65520E+00  9.09890E+00
  9.56540E+00  1.00560E+01  1.05710E+01  1.11130E+01  1.16830E+01  1.22820E+01
  1.29120E+01  1.35740E+01  1.42700E+01  1.50020E+01  1.57710E+01  1.65790E+01
  1.74290E+01  1.83230E+01  1.92620E+01
t        0
vals
  1.13037E-02 0.0009  2.79364E-04 0.0058  4.28165E-04 0.0047  5.23953E-04 0.0043
  1.08518E-03 0.0030  6.97868E-04 0.0037  8.54578E-04 0.0033  1.04755E-03 0.0030
  1.41804E-03 0.0026  1.21122E-03 0.0028  1.26761E-03 0.0027  2.26446E-03 0.0021
  1.43540E-03 0.0026  1.78579E-03 0.0023  1.49182E-03 0.0025  1.56890E-03 0.0025
  1.81487E-03 0.0023  2.21110E-03 0.0021  2.28437E-03 0.0021  2.38575E-03 0.0020
  1.88298E-03 0.0023  2.39199E-03 0.0020  3.41437E-03 0.0017  2.36098E-03 0.0020
  3.08996E-03 0.0018  3.03191E-03 0.0018  3.01127E-03 0.0018  4.01045E-03 0.0015
  3.61213E-03 0.0016  4.01023E-03 0.0016  3.79874E-03 0.0016  4.02589E-03 0.0015
  4.16347E-03 0.0015  4.98831E-03 0.0014  4.89974E-03 0.0014  5.63279E-03 0.0013
  5.60606E-03 0.0013  5.74775E-03 0.0013  5.81675E-03 0.0013  6.14290E-03 0.0013
  6.54158E-03 0.0012  6.97872E-03 0.0012  7.05355E-03 0.0012  7.11607E-03 0.0012
  7.82803E-03 0.0011  7.46295E-03 0.0011  8.08631E-03 0.0011  8.39425E-03 0.0011
  8.09202E-03 0.0011  8.30341E-03 0.0011  7.69781E-03 0.0011  7.92119E-03 0.0011
  7.80376E-03 0.0011  7.63412E-03 0.0011  7.36765E-03 0.0011  7.09543E-03 0.0012
  7.02531E-03 0.0012  6.89560E-03 0.0012  6.61951E-03 0.0012  6.60625E-03 0.0012
  6.36266E-03 0.0012  6.22818E-03 0.0012  6.07498E-03 0.0013  5.95848E-03 0.0013
  5.87997E-03 0.0013  6.15681E-03 0.0013  5.91500E-03 0.0013  5.71358E-03 0.0013
  4.88670E-03 0.0014  4.78734E-03 0.0014  4.67892E-03 0.0014  4.58569E-03 0.0014
  4.47812E-03 0.0015  4.20367E-03 0.0015  3.97160E-03 0.0016  3.77887E-03 0.0016
  3.60720E-03 0.0016  3.54394E-03 0.0016  3.50775E-03 0.0017  3.43103E-03 0.0017
  3.39312E-03 0.0017  3.38318E-03 0.0017  3.28106E-03 0.0017  3.19702E-03 0.0017
  3.08301E-03 0.0018  3.04674E-03 0.0018  3.01982E-03 0.0018  2.96638E-03 0.0018
  2.92315E-03 0.0018  2.91056E-03 0.0018  2.90739E-03 0.0018  2.88958E-03 0.0018
  2.91839E-03 0.0018  2.64584E-03 0.0019  2.66437E-03 0.0019  4.06699E-03 0.0015
  6.58074E-03 0.0012  1.17800E-02 0.0009  1.68261E-01 0.0002  2.73740E-01 0.0002
  1.39206E-01 0.0002  8.55138E-02 0.0003  2.89858E-03 0.0018  5.99388E-04 0.0041
  3.45964E-05 0.0169  1.10318E+00 0.0000
tfc   13       1       1       1       1       1       1     106       1
        8192000  1.10299E+00  0.00000E+00  1.00000E+30
       16384000  1.10304E+00  0.00000E+00  1.00000E+30
       24576000  1.10311E+00  0.00000E+00  1.00000E+30
       32768000  1.10313E+00  0.00000E+00  1.00000E+30
       40960000  1.10315E+00  0.00000E+00  1.00000E+30
       49152000  1.10315E+00  0.00000E+00  1.00000E+30
       57344000  1.10316E+00  0.00000E+00  1.00000E+30
       65536000  1.10317E+00  0.00000E+00  1.00000E+30
       73728000  1.10316E+00  0.00000E+00  1.00000E+30
       81920000  1.10318E+00  0.00000E+00  1.00000E+30
       90112000  1.10317E+00  0.00000E+00  1.00000E+30
       98304000  1.10317E+00  0.00000E+00  1.00000E+30
      100000000  1.10318E+00  0.00000E+00  1.00000E+30
tally   41                   -1    0    0
 0 1 0 0 0 0 0 0 0 0 0 0 0 0 0 0 0 0 0 0 0 0 0 0 0 0 0 0 0 0 0 0 0 0 0 0 0
f        1
      6
d        1
u        0
s        0
m        0
c        0
et      59
  2.00000E-01  3.00000E-01  4.00000E-01  5.00000E-01  6.00000E-01  7.00000E-01
  8.00000E-01  9.00000E-01  1.00000E+00  1.10000E+00  1.20000E+00  1.30000E+00
  1.40000E+00  1.50000E+00  1.60000E+00  1.70000E+00  1.80000E+00  1.90000E+00
  2.00000E+00  2.10000E+00  2.20000E+00  2.30000E+00  2.40000E+00  2.50000E+00
  2.60000E+00  2.70000E+00  2.80000E+00  2.90000E+00  3.00000E+00  3.10000E+00
  3.20000E+00  3.30000E+00  3.40000E+00  3.50000E+00  3.60000E+00  3.70000E+00
  3.80000E+00  3.90000E+00  4.00000E+00  4.20000E+00  4.40000E+00  4.60000E+00
  4.80000E+00  5.00000E+00  5.20000E+00  5.40000E+00  5.60000E+00  5.80000E+00
  6.00000E+00  6.50000E+00  7.00000E+00  7.50000E+00  8.00000E+00  8.50000E+00
  9.00000E+00  9.50000E+00  1.00000E+01  1.05000E+01
t        0
vals
  3.13438E-02 0.0006  3.76488E-02 0.0005  3.23588E-02 0.0006  2.44079E-02 0.0007
  2.69498E-02 0.0006  1.81563E-02 0.0008  1.51293E-02 0.0008  2.14822E-02 0.0007
  1.37933E-02 0.0009  1.59964E-02 0.0008  2.23250E-02 0.0007  1.50095E-02 0.0009
  8.89253E-03 0.0011  2.30638E-02 0.0007  5.18714E-03 0.0014  5.61950E-03 0.0014
  9.08985E-03 0.0011  4.81802E-03 0.0015  4.11803E-03 0.0016  4.94846E-03 0.0015
  4.26890E-03 0.0016  3.82798E-03 0.0017  4.02222E-03 0.0016  3.73258E-03 0.0017
  4.48170E-03 0.0016  2.99924E-03 0.0019  3.26598E-03 0.0018  4.66720E-03 0.0015
  3.25860E-03 0.0018  2.51394E-03 0.0021  2.48209E-03 0.0021  2.61192E-03 0.0021
  2.25990E-03 0.0022  2.26143E-03 0.0022  2.17897E-03 0.0023  2.11508E-03 0.0023
  1.89020E-03 0.0024  1.76591E-03 0.0025  1.69852E-03 0.0026  3.07029E-03 0.0019
  2.75572E-03 0.0020  2.45759E-03 0.0021  2.26750E-03 0.0022  1.97984E-03 0.0024
  1.79028E-03 0.0025  1.58723E-03 0.0026  1.40243E-03 0.0028  1.27845E-03 0.0029
  1.11284E-03 0.0032  2.30020E-03 0.0022  1.70157E-03 0.0025  1.24143E-03 0.0030
  9.00919E-04 0.0035  6.24521E-04 0.0042  4.11487E-04 0.0052  2.57882E-04 0.0065
  1.54202E-04 0.0085  9.16206E-05 0.0111  4.24027E-01 0.0002
tfc   13       1       1       1       1       1       1      59       1
        8192000  4.23658E-01  6.13615E-04  2.21342E+03
       16384000  4.23985E-01  4.33936E-04  2.45472E+03
       24576000  4.23938E-01  3.54271E-04  2.57675E+03
       32768000  4.23943E-01  3.06807E-04  2.63481E+03
       40960000  4.23929E-01  2.74430E-04  2.67808E+03
       49152000  4.23904E-01  2.50561E-04  2.70169E+03
       57344000  4.23998E-01  2.31947E-04  2.72143E+03
       65536000  4.24039E-01  2.16960E-04  2.73555E+03
       73728000  4.24026E-01  2.04562E-04  2.74244E+03
       81920000  4.24044E-01  1.94057E-04  2.74924E+03
       90112000  4.24024E-01  1.85038E-04  2.75826E+03
       98304000  4.24020E-01  1.77165E-04  2.76386E+03
      100000000  4.24027E-01  1.75654E-04  2.76582E+03
