mcnp       6     05/13/18 20:33:08     4        10000000      6442037390
   Leakage from Cu (61cm dia) sphere 3-d surface tally                          
ntal     2
   21   41
tally   21                   -1    0    0
 1 0 0 0 0 0 0 0 0 0 0 0 0 0 0 0 0 0 0 0 0 0 0 0 0 0 0 0 0 0 0 0 0 0 0 0 0
f        1
      6
d        1
u        0
s        0
m        0
c        0
et     141
  7.95200E-02  8.27600E-02  8.61400E-02  8.96500E-02  9.33100E-02  9.71200E-02
  1.01090E-01  1.05210E-01  1.09500E-01  1.13970E-01  1.18620E-01  1.23470E-01
  1.28500E-01  1.33750E-01  1.39210E-01  1.44890E-01  1.50800E-01  1.56960E-01
  1.63360E-01  1.70030E-01  1.76970E-01  1.84190E-01  1.91710E-01  1.99530E-01
  2.07670E-01  2.16150E-01  2.24970E-01  2.34150E-01  2.43710E-01  2.53650E-01
  2.64000E-01  2.74780E-01  2.85990E-01  2.97660E-01  3.09810E-01  3.22450E-01
  3.35610E-01  3.49310E-01  3.63570E-01  3.78400E-01  3.93850E-01  4.09920E-01
  4.26650E-01  4.44060E-01  4.62180E-01  4.81050E-01  5.00680E-01  5.21110E-01
  5.42380E-01  5.64510E-01  5.87550E-01  6.11530E-01  6.36480E-01  6.62460E-01
  6.89500E-01  7.17630E-01  7.46920E-01  7.77400E-01  8.09130E-01  8.42150E-01
  8.76520E-01  9.12290E-01  9.49520E-01  9.88270E-01  1.02860E+00  1.07060E+00
  1.11430E+00  1.15980E+00  1.20710E+00  1.25630E+00  1.30760E+00  1.36100E+00
  1.41650E+00  1.47430E+00  1.53450E+00  1.59710E+00  1.66230E+00  1.73010E+00
  1.80080E+00  1.87420E+00  1.95070E+00  2.03030E+00  2.11320E+00  2.19940E+00
  2.28920E+00  2.38260E+00  2.47990E+00  2.58110E+00  2.68640E+00  2.79600E+00
  2.91010E+00  3.02890E+00  3.15250E+00  3.28120E+00  3.41510E+00  3.55450E+00
  3.69950E+00  3.85050E+00  4.00760E+00  4.17120E+00  4.34140E+00  4.51860E+00
  4.70300E+00  4.89490E+00  5.09470E+00  5.30260E+00  5.51900E+00  5.74430E+00
  5.97870E+00  6.22270E+00  6.47660E+00  6.74100E+00  7.01610E+00  7.30240E+00
  7.60040E+00  7.91060E+00  8.23340E+00  8.56940E+00  8.91920E+00  9.28320E+00
  9.66200E+00  1.00560E+01  1.04670E+01  1.08940E+01  1.13390E+01  1.18010E+01
  1.22830E+01  1.27840E+01  1.33060E+01  1.38490E+01  1.44140E+01  1.50020E+01
  1.56150E+01  1.62520E+01  1.69150E+01  1.76050E+01  1.83240E+01  1.90720E+01
  1.98500E+01  2.06600E+01
t        0
vals
  1.77026E-01 0.0006  5.91484E-03 0.0037  3.30374E-03 0.0050  6.81755E-03 0.0035
  5.19668E-03 0.0040  5.84413E-03 0.0037  7.71100E-03 0.0032  9.68917E-03 0.0029
  5.81117E-03 0.0038  5.59248E-03 0.0038  6.66806E-03 0.0035  6.74511E-03 0.0035
  7.29131E-03 0.0034  8.36535E-03 0.0031  9.68905E-03 0.0029  5.94860E-03 0.0037
  7.95579E-03 0.0032  8.79439E-03 0.0031  1.06924E-02 0.0028  1.10291E-02 0.0028
  1.01862E-02 0.0029  1.40236E-02 0.0025  1.07326E-02 0.0028  8.50941E-03 0.0032
  9.72192E-03 0.0030  1.22214E-02 0.0026  1.14604E-02 0.0027  1.23200E-02 0.0026
  1.21654E-02 0.0027  9.73568E-03 0.0030  1.32439E-02 0.0026  1.65016E-02 0.0023
  1.25198E-02 0.0026  1.20618E-02 0.0027  1.21265E-02 0.0027  1.31828E-02 0.0026
  1.37896E-02 0.0025  1.55659E-02 0.0024  1.56018E-02 0.0024  1.51532E-02 0.0024
  1.58816E-02 0.0024  1.49161E-02 0.0024  1.53845E-02 0.0024  1.49297E-02 0.0024
  1.39353E-02 0.0025  1.35928E-02 0.0026  1.40607E-02 0.0025  1.48392E-02 0.0024
  1.47458E-02 0.0025  1.47112E-02 0.0025  1.49710E-02 0.0024  1.60128E-02 0.0024
  1.46090E-02 0.0025  1.48409E-02 0.0025  1.44825E-02 0.0025  1.48244E-02 0.0025
  1.28480E-02 0.0026  1.32838E-02 0.0026  1.15791E-02 0.0028  1.12870E-02 0.0028
  1.15384E-02 0.0028  1.09833E-02 0.0029  1.02681E-02 0.0030  9.38821E-03 0.0031
  8.77492E-03 0.0032  8.40530E-03 0.0033  8.45040E-03 0.0033  9.09295E-03 0.0032
  8.81355E-03 0.0032  7.99610E-03 0.0034  7.55364E-03 0.0035  7.36152E-03 0.0035
  7.00866E-03 0.0036  6.72288E-03 0.0037  6.42701E-03 0.0038  6.05052E-03 0.0039
  5.81888E-03 0.0040  5.70569E-03 0.0040  5.16435E-03 0.0042  5.06413E-03 0.0042
  4.52055E-03 0.0045  4.32112E-03 0.0046  4.04588E-03 0.0047  3.77630E-03 0.0049
  3.52239E-03 0.0051  3.35166E-03 0.0052  3.13718E-03 0.0054  3.04254E-03 0.0054
  2.80207E-03 0.0057  2.63634E-03 0.0059  2.45652E-03 0.0061  2.32594E-03 0.0062
  2.19844E-03 0.0064  2.04994E-03 0.0066  1.92980E-03 0.0068  1.81249E-03 0.0070
  1.74673E-03 0.0072  1.65816E-03 0.0074  1.55554E-03 0.0076  1.49164E-03 0.0078
  1.42552E-03 0.0079  1.35165E-03 0.0081  1.31077E-03 0.0083  1.22699E-03 0.0085
  1.20291E-03 0.0086  1.16182E-03 0.0088  1.10995E-03 0.0090  1.07455E-03 0.0091
  1.03303E-03 0.0093  1.00910E-03 0.0094  9.79406E-04 0.0095  9.28093E-04 0.0098
  9.03589E-04 0.0099  8.75713E-04 0.0100  8.61580E-04 0.0101  8.45653E-04 0.0102
  8.23765E-04 0.0103  8.38362E-04 0.0102  8.33700E-04 0.0102  8.54690E-04 0.0101
  9.51256E-04 0.0096  1.06187E-03 0.0090  1.16351E-03 0.0086  1.40988E-03 0.0079
  1.72956E-03 0.0071  1.87141E-03 0.0068  2.11675E-03 0.0064  2.22848E-03 0.0063
  2.52178E-03 0.0059  1.36616E-02 0.0026  2.15998E-02 0.0020  2.05636E-02 0.0021
  8.07287E-03 0.0034  8.18210E-03 0.0034  3.41221E-03 0.0053  1.06065E-05 0.0946
  1.06791E-05 0.0950  2.84423E-06 0.1827  3.98421E-06 0.1544  1.37790E-06 0.2673
  1.17484E+00 0.0001
tfc   20       1       1       1       1       1       1     141       1
         512000  1.17545E+00  5.15978E-04  1.00407E+04
        1024000  1.17526E+00  3.65026E-04  1.25222E+04
        1536000  1.17486E+00  2.98126E-04  1.36351E+04
        2048000  1.17492E+00  2.58279E-04  1.42865E+04
        2560000  1.17487E+00  2.30967E-04  1.47039E+04
        3072000  1.17479E+00  2.10836E-04  1.50117E+04
        3584000  1.17484E+00  1.95200E-04  1.51840E+04
        4096000  1.17490E+00  1.82584E-04  1.53820E+04
        4608000  1.17487E+00  1.72144E-04  1.55385E+04
        5120000  1.17491E+00  1.63307E-04  1.56634E+04
        5632000  1.17494E+00  1.55688E-04  1.57777E+04
        6144000  1.17492E+00  1.49067E-04  1.58712E+04
        6656000  1.17492E+00  1.43224E-04  1.59526E+04
        7168000  1.17483E+00  1.38021E-04  1.60085E+04
        7680000  1.17481E+00  1.33341E-04  1.60728E+04
        8192000  1.17486E+00  1.29108E-04  1.61285E+04
        8704000  1.17485E+00  1.25249E-04  1.61510E+04
        9216000  1.17486E+00  1.21718E-04  1.61942E+04
        9728000  1.17485E+00  1.18470E-04  1.62342E+04
       10000000  1.17484E+00  1.16850E-04  1.62538E+04
tally   41                   -1    0    0
 0 1 0 0 0 0 0 0 0 0 0 0 0 0 0 0 0 0 0 0 0 0 0 0 0 0 0 0 0 0 0 0 0 0 0 0 0
f        1
      6
d        1
u        0
s        0
m        0
c        0
et      50
  5.00000E-01  6.00000E-01  7.00000E-01  8.00000E-01  9.00000E-01  1.00000E+00
  1.10000E+00  1.20000E+00  1.30000E+00  1.40000E+00  1.50000E+00  1.60000E+00
  1.70000E+00  1.80000E+00  1.90000E+00  2.00000E+00  2.10000E+00  2.20000E+00
  2.30000E+00  2.40000E+00  2.50000E+00  2.60000E+00  2.70000E+00  2.80000E+00
  2.90000E+00  3.00000E+00  3.10000E+00  3.20000E+00  3.30000E+00  3.40000E+00
  3.50000E+00  3.60000E+00  3.70000E+00  3.80000E+00  3.90000E+00  4.00000E+00
  4.50000E+00  5.00000E+00  5.50000E+00  6.00000E+00  6.50000E+00  7.00000E+00
  7.50000E+00  8.00000E+00  8.50000E+00  9.00000E+00  9.50000E+00  1.00000E+01
  1.05000E+01
t        0
vals
  6.45592E-02 0.0014  1.33347E-02 0.0029  1.08464E-02 0.0031  8.45881E-03 0.0036
  1.05661E-02 0.0032  9.86096E-03 0.0033  5.22976E-03 0.0046  7.39832E-03 0.0038
  4.90235E-03 0.0048  5.95187E-03 0.0043  5.58384E-03 0.0044  3.33815E-03 0.0057
  2.69880E-03 0.0064  2.49203E-03 0.0066  2.62596E-03 0.0064  1.74688E-03 0.0080
  2.24906E-03 0.0070  1.90284E-03 0.0077  1.58040E-03 0.0084  1.90617E-03 0.0076
  1.60823E-03 0.0082  1.58548E-03 0.0083  1.77431E-03 0.0080  1.15811E-03 0.0097
  1.28301E-03 0.0093  1.15157E-03 0.0098  9.49661E-04 0.0107  9.29955E-04 0.0109
  9.50016E-04 0.0108  8.33783E-04 0.0115  8.34862E-04 0.0115  7.85018E-04 0.0119
  7.59608E-04 0.0120  6.74802E-04 0.0128  6.54393E-04 0.0129  6.04465E-04 0.0135
  2.52195E-03 0.0066  1.90631E-03 0.0076  1.43530E-03 0.0087  1.04492E-03 0.0102
  7.56365E-04 0.0120  5.34155E-04 0.0142  2.85589E-04 0.0195  1.03619E-04 0.0336
  5.86857E-05 0.0450  2.84814E-05 0.0662  1.91519E-05 0.0814  1.32662E-05 0.0986
  5.07506E-06 0.1592  1.92483E-01 0.0008
tfc   20       1       1       1       1       1       1      50       1
         512000  1.90986E-01  3.64059E-03  2.01689E+02
        1024000  1.91622E-01  2.57143E-03  2.52336E+02
        1536000  1.92146E-01  2.09806E-03  2.75309E+02
        2048000  1.92255E-01  1.81473E-03  2.89386E+02
        2560000  1.92298E-01  1.62178E-03  2.98228E+02
        3072000  1.92284E-01  1.48033E-03  3.04508E+02
        3584000  1.92095E-01  1.37103E-03  3.07788E+02
        4096000  1.92208E-01  1.28187E-03  3.12069E+02
        4608000  1.92231E-01  1.20858E-03  3.15242E+02
        5120000  1.92311E-01  1.14630E-03  3.17906E+02
        5632000  1.92315E-01  1.09308E-03  3.20077E+02
        6144000  1.92261E-01  1.04671E-03  3.21895E+02
        6656000  1.92352E-01  1.00544E-03  3.23706E+02
        7168000  1.92358E-01  9.68662E-04  3.25010E+02
        7680000  1.92392E-01  9.35716E-04  3.26384E+02
        8192000  1.92412E-01  9.05969E-04  3.27547E+02
        8704000  1.92502E-01  8.78844E-04  3.28038E+02
        9216000  1.92541E-01  8.53943E-04  3.29014E+02
        9728000  1.92497E-01  8.31232E-04  3.29764E+02
       10000000  1.92483E-01  8.19862E-04  3.30166E+02
