mcnp       6     05/13/18 20:58:18     3        10000000      4763553169
   Leakage from Mn (61cm dia) sphere 3-d surface tally                          
ntal     2
   21   41
tally   21                   -1    0    0
 1 0 0 0 0 0 0 0 0 0 0 0 0 0 0 0 0 0 0 0 0 0 0 0 0 0 0 0 0 0 0 0 0 0 0 0 0
f        1
      6
d        1
u        0
s        0
m        0
c        0
et     141
  7.95200E-02  8.27600E-02  8.61400E-02  8.96500E-02  9.33100E-02  9.71200E-02
  1.01090E-01  1.05210E-01  1.09500E-01  1.13970E-01  1.18620E-01  1.23470E-01
  1.28500E-01  1.33750E-01  1.39210E-01  1.44890E-01  1.50800E-01  1.56960E-01
  1.63360E-01  1.70030E-01  1.76970E-01  1.84190E-01  1.91710E-01  1.99530E-01
  2.07670E-01  2.16150E-01  2.24970E-01  2.34150E-01  2.43710E-01  2.53650E-01
  2.64000E-01  2.74780E-01  2.85990E-01  2.97660E-01  3.09810E-01  3.22450E-01
  3.35610E-01  3.49310E-01  3.63570E-01  3.78400E-01  3.93850E-01  4.09920E-01
  4.26650E-01  4.44060E-01  4.62180E-01  4.81050E-01  5.00680E-01  5.21110E-01
  5.42380E-01  5.64510E-01  5.87550E-01  6.11530E-01  6.36480E-01  6.62460E-01
  6.89500E-01  7.17630E-01  7.46920E-01  7.77400E-01  8.09130E-01  8.42150E-01
  8.76520E-01  9.12290E-01  9.49520E-01  9.88270E-01  1.02860E+00  1.07060E+00
  1.11430E+00  1.15980E+00  1.20710E+00  1.25630E+00  1.30760E+00  1.36100E+00
  1.41650E+00  1.47430E+00  1.53450E+00  1.59710E+00  1.66230E+00  1.73010E+00
  1.80080E+00  1.87420E+00  1.95070E+00  2.03030E+00  2.11320E+00  2.19940E+00
  2.28920E+00  2.38260E+00  2.47990E+00  2.58110E+00  2.68640E+00  2.79600E+00
  2.91010E+00  3.02890E+00  3.15250E+00  3.28120E+00  3.41510E+00  3.55450E+00
  3.69950E+00  3.85050E+00  4.00760E+00  4.17120E+00  4.34140E+00  4.51860E+00
  4.70300E+00  4.89490E+00  5.09470E+00  5.30260E+00  5.51900E+00  5.74430E+00
  5.97870E+00  6.22270E+00  6.47660E+00  6.74100E+00  7.01610E+00  7.30240E+00
  7.60040E+00  7.91060E+00  8.23340E+00  8.56940E+00  8.91920E+00  9.28320E+00
  9.66200E+00  1.00560E+01  1.04670E+01  1.08940E+01  1.13390E+01  1.18010E+01
  1.22830E+01  1.27840E+01  1.33060E+01  1.38490E+01  1.44140E+01  1.50020E+01
  1.56150E+01  1.62520E+01  1.69150E+01  1.76050E+01  1.83240E+01  1.90720E+01
  1.98500E+01  2.06600E+01
t        0
vals
  1.84381E-01 0.0007  1.40228E-02 0.0026  2.67678E-03 0.0059  3.74751E-03 0.0050
  7.57947E-03 0.0035  1.28589E-02 0.0027  1.21357E-02 0.0028  3.51076E-02 0.0016
  1.35717E-02 0.0026  8.80590E-03 0.0032  1.20741E-02 0.0028  2.16348E-02 0.0021
  1.28330E-02 0.0027  2.09999E-03 0.0067  5.12545E-03 0.0043  2.89867E-03 0.0057
  5.81485E-03 0.0040  7.12674E-03 0.0036  4.82377E-03 0.0044  8.68425E-03 0.0033
  6.48334E-03 0.0038  8.89577E-03 0.0032  5.71462E-03 0.0040  6.38419E-03 0.0038
  7.59529E-03 0.0035  7.37002E-03 0.0036  7.20426E-03 0.0036  7.73231E-03 0.0035
  8.41877E-03 0.0033  8.71749E-03 0.0033  9.49212E-03 0.0031  1.07089E-02 0.0030
  8.77012E-03 0.0033  9.20211E-03 0.0032  9.87896E-03 0.0031  9.74156E-03 0.0031
  9.86868E-03 0.0031  1.19937E-02 0.0028  1.21902E-02 0.0028  1.25186E-02 0.0027
  1.09727E-02 0.0029  9.86559E-03 0.0031  9.33541E-03 0.0032  1.08783E-02 0.0029
  1.06150E-02 0.0030  9.65958E-03 0.0031  1.02491E-02 0.0030  1.23415E-02 0.0028
  1.57061E-02 0.0024  1.90764E-02 0.0022  1.65629E-02 0.0024  1.89987E-02 0.0022
  1.69769E-02 0.0024  1.46280E-02 0.0025  1.66352E-02 0.0024  1.85916E-02 0.0022
  1.48962E-02 0.0025  1.78251E-02 0.0023  1.91022E-02 0.0022  1.89724E-02 0.0022
  1.65210E-02 0.0024  1.57852E-02 0.0024  1.69809E-02 0.0024  1.57064E-02 0.0024
  1.55622E-02 0.0025  1.31578E-02 0.0027  1.63173E-02 0.0024  1.19806E-02 0.0028
  1.33497E-02 0.0027  1.13745E-02 0.0029  9.84538E-03 0.0031  1.00371E-02 0.0031
  1.05792E-02 0.0030  9.37383E-03 0.0032  8.81994E-03 0.0033  8.74469E-03 0.0033
  7.68767E-03 0.0035  7.68772E-03 0.0035  7.23002E-03 0.0036  6.59187E-03 0.0038
  6.11208E-03 0.0039  6.20647E-03 0.0039  5.18812E-03 0.0043  5.06568E-03 0.0043
  4.86555E-03 0.0044  4.38389E-03 0.0046  3.85556E-03 0.0050  3.82583E-03 0.0050
  3.61138E-03 0.0051  3.37994E-03 0.0053  3.12089E-03 0.0055  3.02853E-03 0.0056
  2.72068E-03 0.0059  2.59733E-03 0.0060  2.46342E-03 0.0062  2.41751E-03 0.0062
  2.35714E-03 0.0063  2.33161E-03 0.0064  2.29735E-03 0.0064  2.21527E-03 0.0065
  2.09899E-03 0.0067  1.98224E-03 0.0069  1.91701E-03 0.0070  1.88021E-03 0.0071
  1.87359E-03 0.0071  1.84831E-03 0.0071  1.88101E-03 0.0071  1.84323E-03 0.0071
  1.85224E-03 0.0071  1.81656E-03 0.0072  1.81313E-03 0.0072  1.76370E-03 0.0073
  1.76245E-03 0.0073  1.74188E-03 0.0073  1.68551E-03 0.0075  1.64352E-03 0.0075
  1.59789E-03 0.0077  1.61775E-03 0.0076  1.60265E-03 0.0076  1.65215E-03 0.0075
  1.72434E-03 0.0074  1.72556E-03 0.0074  1.56550E-03 0.0077  1.29912E-03 0.0085
  1.06048E-03 0.0094  9.20459E-04 0.0101  9.67463E-04 0.0098  1.63336E-03 0.0075
  3.12937E-03 0.0054  2.34841E-02 0.0020  3.74634E-02 0.0016  3.58104E-02 0.0016
  1.47175E-02 0.0025  1.47477E-02 0.0025  6.01487E-03 0.0040  1.98942E-05 0.0694
  1.97940E-05 0.0699  6.23966E-06 0.1241  5.77015E-06 0.1292  2.05428E-06 0.2183
  1.33634E+00 0.0001
tfc   20       1       1       1       1       1       1     141       1
         512000  1.33704E+00  4.87324E-04  2.82725E+04
        1024000  1.33681E+00  3.44665E-04  2.82363E+04
        1536000  1.33683E+00  2.81429E-04  2.82890E+04
        2048000  1.33699E+00  2.43719E-04  2.84280E+04
        2560000  1.33684E+00  2.17999E-04  2.84984E+04
        3072000  1.33671E+00  1.99025E-04  2.85692E+04
        3584000  1.33662E+00  1.84283E-04  2.85250E+04
        4096000  1.33642E+00  1.72402E-04  2.84866E+04
        4608000  1.33641E+00  1.62538E-04  2.85396E+04
        5120000  1.33633E+00  1.54211E-04  2.84773E+04
        5632000  1.33638E+00  1.47031E-04  2.85102E+04
        6144000  1.33636E+00  1.40775E-04  2.85476E+04
        6656000  1.33640E+00  1.35249E-04  2.85800E+04
        7168000  1.33637E+00  1.30338E-04  2.85715E+04
        7680000  1.33633E+00  1.25914E-04  2.84135E+04
        8192000  1.33634E+00  1.21916E-04  2.84540E+04
        8704000  1.33632E+00  1.18278E-04  2.84851E+04
        9216000  1.33635E+00  1.14944E-04  2.85000E+04
        9728000  1.33633E+00  1.11878E-04  2.85320E+04
       10000000  1.33634E+00  1.10346E-04  2.85510E+04
tally   41                   -1    0    0
 0 1 0 0 0 0 0 0 0 0 0 0 0 0 0 0 0 0 0 0 0 0 0 0 0 0 0 0 0 0 0 0 0 0 0 0 0
f        1
      6
d        1
u        0
s        0
m        0
c        0
et      50
  5.00000E-01  6.00000E-01  7.00000E-01  8.00000E-01  9.00000E-01  1.00000E+00
  1.10000E+00  1.20000E+00  1.30000E+00  1.40000E+00  1.50000E+00  1.60000E+00
  1.70000E+00  1.80000E+00  1.90000E+00  2.00000E+00  2.10000E+00  2.20000E+00
  2.30000E+00  2.40000E+00  2.50000E+00  2.60000E+00  2.70000E+00  2.80000E+00
  2.90000E+00  3.00000E+00  3.10000E+00  3.20000E+00  3.30000E+00  3.40000E+00
  3.50000E+00  3.60000E+00  3.70000E+00  3.80000E+00  3.90000E+00  4.00000E+00
  4.50000E+00  5.00000E+00  5.50000E+00  6.00000E+00  6.50000E+00  7.00000E+00
  7.50000E+00  8.00000E+00  8.50000E+00  9.00000E+00  9.50000E+00  1.00000E+01
  1.05000E+01
t        0
vals
  1.04121E-01 0.0011  1.89689E-02 0.0025  1.21576E-02 0.0031  1.14976E-02 0.0031
  2.15045E-02 0.0023  8.10502E-03 0.0038  7.35423E-03 0.0039  8.32327E-03 0.0037
  6.64461E-03 0.0042  5.67739E-03 0.0045  7.41065E-03 0.0039  7.11434E-03 0.0040
  3.89756E-03 0.0055  4.48831E-03 0.0050  4.89869E-03 0.0048  3.24542E-03 0.0060
  3.80004E-03 0.0055  3.71986E-03 0.0056  6.41457E-03 0.0042  2.69718E-03 0.0066
  2.35909E-03 0.0071  3.00726E-03 0.0062  3.88909E-03 0.0054  2.75647E-03 0.0065
  2.14052E-03 0.0074  2.19340E-03 0.0073  2.08819E-03 0.0075  2.07153E-03 0.0075
  2.05728E-03 0.0076  1.85238E-03 0.0080  1.79736E-03 0.0081  1.72859E-03 0.0083
  1.65785E-03 0.0084  1.46499E-03 0.0090  1.39542E-03 0.0092  1.32775E-03 0.0094
  5.49720E-03 0.0047  4.07447E-03 0.0054  3.03706E-03 0.0063  2.20902E-03 0.0074
  1.63366E-03 0.0085  1.13403E-03 0.0103  7.28994E-04 0.0129  5.02113E-04 0.0156
  3.58944E-04 0.0185  2.60444E-04 0.0217  1.71144E-04 0.0267  1.03044E-04 0.0344
  4.93412E-05 0.0498  3.05587E-01 0.0007
tfc   20       1       1       1       1       1       1      50       1
         512000  3.06228E-01  2.95607E-03  7.68368E+02
        1024000  3.05189E-01  2.09135E-03  7.66920E+02
        1536000  3.05053E-01  1.70698E-03  7.68952E+02
        2048000  3.05130E-01  1.47758E-03  7.73430E+02
        2560000  3.05057E-01  1.32116E-03  7.75919E+02
        3072000  3.05481E-01  1.20508E-03  7.79258E+02
        3584000  3.05424E-01  1.11589E-03  7.77951E+02
        4096000  3.05601E-01  1.04343E-03  7.77674E+02
        4608000  3.05668E-01  9.83573E-04  7.79369E+02
        5120000  3.05602E-01  9.33228E-04  7.77600E+02
        5632000  3.05442E-01  8.89972E-04  7.78149E+02
        6144000  3.05324E-01  8.52272E-04  7.78868E+02
        6656000  3.05502E-01  8.18387E-04  7.80574E+02
        7168000  3.05542E-01  7.88555E-04  7.80573E+02
        7680000  3.05622E-01  7.61772E-04  7.76291E+02
        8192000  3.05644E-01  7.37576E-04  7.77410E+02
        8704000  3.05683E-01  7.15499E-04  7.78407E+02
        9216000  3.05671E-01  6.95236E-04  7.79032E+02
        9728000  3.05608E-01  6.76750E-04  7.79767E+02
       10000000  3.05587E-01  6.67469E-04  7.80317E+02
