mcnp       6     05/13/18 21:14:18     8       100000000      9173867784
   Leakage from Si (60cm dia) sphere 3-d surface tally                          
ntal     2
   21   41
tally   21                   -1    0    0
 1 0 0 0 0 0 0 0 0 0 0 0 0 0 0 0 0 0 0 0 0 0 0 0 0 0 0 0 0 0 0 0 0 0 0 0 0
f        1
      6
d        1
u        0
s        0
m        0
c        0
et     109
  9.14600E-02  9.61500E-02  1.01080E-01  1.06260E-01  1.11710E-01  1.17440E-01
  1.23460E-01  1.29790E-01  1.36440E-01  1.43440E-01  1.50790E-01  1.58530E-01
  1.66650E-01  1.75200E-01  1.84180E-01  1.93620E-01  2.03550E-01  2.13990E-01
  2.24960E-01  2.36490E-01  2.48620E-01  2.61360E-01  2.74760E-01  2.88850E-01
  3.03660E-01  3.19230E-01  3.35600E-01  3.52800E-01  3.70890E-01  3.89910E-01
  4.09900E-01  4.30920E-01  4.53010E-01  4.76240E-01  5.00650E-01  5.26320E-01
  5.53310E-01  5.81680E-01  6.11500E-01  6.42850E-01  6.75810E-01  7.10460E-01
  7.46890E-01  7.85180E-01  8.25440E-01  8.67760E-01  9.12250E-01  9.59020E-01
  1.00820E+00  1.05990E+00  1.11420E+00  1.17140E+00  1.23140E+00  1.29450E+00
  1.36090E+00  1.43070E+00  1.50400E+00  1.58120E+00  1.66220E+00  1.74750E+00
  1.83700E+00  1.93120E+00  2.03020E+00  2.13430E+00  2.24380E+00  2.35880E+00
  2.47980E+00  2.60690E+00  2.74050E+00  2.88110E+00  3.02880E+00  3.18410E+00
  3.34730E+00  3.51890E+00  3.69930E+00  3.88900E+00  4.08840E+00  4.29900E+00
  4.51840E+00  4.75010E+00  4.99360E+00  5.24960E+00  5.51880E+00  5.80170E+00
  6.09920E+00  6.41190E+00  6.74060E+00  7.08620E+00  7.44960E+00  7.83150E+00
  8.23300E+00  8.65520E+00  9.09890E+00  9.56540E+00  1.00560E+01  1.05710E+01
  1.11130E+01  1.16830E+01  1.22820E+01  1.29120E+01  1.35740E+01  1.42700E+01
  1.50020E+01  1.57710E+01  1.65790E+01  1.74290E+01  1.83230E+01  1.92620E+01
t        0
vals
  3.98618E-03 0.0014  2.65086E-04 0.0054  2.46889E-04 0.0056  2.94580E-04 0.0051
  3.18928E-04 0.0049  3.80564E-04 0.0045  4.67772E-04 0.0041  6.52355E-04 0.0035
  1.21638E-03 0.0026  1.59644E-03 0.0022  2.61194E-03 0.0018  4.21448E-03 0.0014
  3.31051E-03 0.0016  1.45471E-03 0.0023  5.93485E-04 0.0037  3.40458E-04 0.0048
  4.00667E-04 0.0045  5.42925E-04 0.0038  6.92781E-04 0.0034  8.41895E-04 0.0031
  9.95223E-04 0.0028  1.14153E-03 0.0026  1.42526E-03 0.0024  1.34784E-03 0.0024
  1.66475E-03 0.0022  1.89372E-03 0.0021  1.74928E-03 0.0021  2.16426E-03 0.0019
  2.22146E-03 0.0019  2.51548E-03 0.0018  2.46751E-03 0.0018  2.72107E-03 0.0017
  2.91831E-03 0.0017  3.28362E-03 0.0016  3.48614E-03 0.0015  3.69193E-03 0.0015
  3.59794E-03 0.0015  3.59557E-03 0.0015  4.07988E-03 0.0014  4.36795E-03 0.0014
  4.77075E-03 0.0013  5.85015E-03 0.0012  6.55029E-03 0.0011  6.39025E-03 0.0011
  3.28606E-03 0.0016  4.14907E-03 0.0014  5.94069E-03 0.0012  4.28247E-03 0.0014
  3.58057E-03 0.0015  4.65118E-03 0.0013  5.62399E-03 0.0012  6.87699E-03 0.0011
  7.09732E-03 0.0011  9.08156E-03 0.0009  7.07866E-03 0.0010  8.50244E-03 0.0010
  8.09208E-03 0.0010  7.94023E-03 0.0010  3.86264E-03 0.0014  6.99186E-03 0.0010
  9.31269E-03 0.0009  5.25835E-03 0.0012  5.90137E-03 0.0011  6.74765E-03 0.0011
  6.80409E-03 0.0011  7.15391E-03 0.0010  7.53417E-03 0.0010  5.78621E-03 0.0012
  6.61723E-03 0.0011  6.57137E-03 0.0011  7.42516E-03 0.0010  6.19511E-03 0.0011
  6.40750E-03 0.0011  5.80416E-03 0.0011  6.53689E-03 0.0011  5.86066E-03 0.0011
  5.18653E-03 0.0012  5.15063E-03 0.0012  4.58676E-03 0.0013  4.51342E-03 0.0013
  3.80253E-03 0.0014  3.43185E-03 0.0015  3.50376E-03 0.0015  3.04450E-03 0.0016
  2.94949E-03 0.0016  2.89764E-03 0.0016  3.05336E-03 0.0015  2.72295E-03 0.0016
  2.40464E-03 0.0017  2.10714E-03 0.0019  1.74450E-03 0.0021  1.61391E-03 0.0021
  1.65426E-03 0.0021  1.61332E-03 0.0021  1.55302E-03 0.0022  1.70132E-03 0.0021
  2.38612E-03 0.0017  3.59488E-03 0.0014  6.78476E-03 0.0010  8.86300E-03 0.0009
  1.37290E-02 0.0007  1.15620E-01 0.0003  1.76227E-01 0.0002  9.21930E-02 0.0003
  5.35478E-02 0.0004  1.89534E-03 0.0022  3.62490E-04 0.0052  2.41222E-05 0.0199
  8.36737E-01 0.0000
tfc   13       1       1       1       1       1       1     109       1
        8192000  8.36745E-01  1.06737E-04  7.75499E+04
       16384000  8.36705E-01  0.00000E+00  1.00000E+30
       24576000  8.36737E-01  0.00000E+00  1.00000E+30
       32768000  8.36699E-01  0.00000E+00  1.00000E+30
       40960000  8.36704E-01  0.00000E+00  1.00000E+30
       49152000  8.36713E-01  0.00000E+00  1.00000E+30
       57344000  8.36698E-01  0.00000E+00  1.00000E+30
       65536000  8.36714E-01  0.00000E+00  1.00000E+30
       73728000  8.36718E-01  0.00000E+00  1.00000E+30
       81920000  8.36726E-01  0.00000E+00  1.00000E+30
       90112000  8.36734E-01  0.00000E+00  1.00000E+30
       98304000  8.36733E-01  0.00000E+00  1.00000E+30
      100000000  8.36737E-01  0.00000E+00  1.00000E+30
tally   41                   -1    0    0
 0 1 0 0 0 0 0 0 0 0 0 0 0 0 0 0 0 0 0 0 0 0 0 0 0 0 0 0 0 0 0 0 0 0 0 0 0
f        1
      6
d        1
u        0
s        0
m        0
c        0
et      52
  3.00000E-01  4.00000E-01  5.00000E-01  6.00000E-01  7.00000E-01  8.00000E-01
  9.00000E-01  1.00000E+00  1.10000E+00  1.20000E+00  1.30000E+00  1.40000E+00
  1.50000E+00  1.60000E+00  1.70000E+00  1.80000E+00  1.90000E+00  2.00000E+00
  2.10000E+00  2.20000E+00  2.30000E+00  2.40000E+00  2.50000E+00  2.60000E+00
  2.70000E+00  2.80000E+00  2.90000E+00  3.00000E+00  3.10000E+00  3.20000E+00
  3.30000E+00  3.40000E+00  3.50000E+00  3.60000E+00  3.70000E+00  3.80000E+00
  3.90000E+00  4.00000E+00  4.50000E+00  5.00000E+00  5.50000E+00  6.00000E+00
  6.50000E+00  7.00000E+00  7.50000E+00  8.00000E+00  8.50000E+00  9.00000E+00
  9.50000E+00  1.00000E+01  1.05000E+01
t        0
vals
  1.18816E-01 0.0003  3.92795E-02 0.0005  3.14433E-02 0.0006  3.85962E-02 0.0005
  1.82544E-02 0.0008  1.67908E-02 0.0008  2.52360E-02 0.0007  1.82034E-02 0.0008
  1.33156E-02 0.0009  1.13069E-02 0.0010  1.51538E-02 0.0008  1.46763E-02 0.0009
  1.25074E-02 0.0009  1.16389E-02 0.0010  1.41638E-02 0.0009  6.23347E-02 0.0004
  4.98264E-03 0.0015  5.36657E-03 0.0014  5.44133E-03 0.0014  5.15734E-03 0.0014
  8.11287E-03 0.0011  3.48087E-03 0.0018  3.96507E-03 0.0016  4.31145E-03 0.0016
  3.48774E-03 0.0018  3.73954E-03 0.0017  1.46375E-02 0.0008  3.96799E-03 0.0017
  3.37349E-03 0.0018  2.96179E-03 0.0019  4.37008E-03 0.0016  2.79133E-03 0.0020
  3.67623E-03 0.0017  2.73597E-03 0.0020  2.87572E-03 0.0019  2.74939E-03 0.0020
  2.39936E-03 0.0021  3.70584E-03 0.0017  1.56146E-02 0.0008  1.05279E-02 0.0010
  1.34718E-02 0.0009  7.40248E-03 0.0012  7.46050E-03 0.0012  1.26065E-02 0.0009
  7.45416E-03 0.0012  6.41765E-03 0.0013  2.28411E-03 0.0022  2.70549E-03 0.0020
  3.36996E-03 0.0018  2.02047E-03 0.0023  1.12845E-03 0.0031  6.52472E-01 0.0001
tfc   13       1       1       1       1       1       1      52       1
        8192000  6.52479E-01  4.46069E-04  4.44024E+03
       16384000  6.52383E-01  3.15506E-04  4.79248E+03
       24576000  6.52422E-01  2.57581E-04  4.94110E+03
       32768000  6.52486E-01  2.23059E-04  5.01586E+03
       40960000  6.52514E-01  1.99538E-04  5.05398E+03
       49152000  6.52461E-01  1.82153E-04  5.07342E+03
       57344000  6.52473E-01  1.68650E-04  5.08275E+03
       65536000  6.52493E-01  1.57760E-04  5.07720E+03
       73728000  6.52492E-01  1.48744E-04  5.09594E+03
       81920000  6.52504E-01  1.41108E-04  5.10519E+03
       90112000  6.52470E-01  1.34549E-04  5.11066E+03
       98304000  6.52459E-01  1.28823E-04  5.12385E+03
      100000000  6.52472E-01  1.27724E-04  5.12749E+03
