mcnp       6     05/13/18 20:20:27     8       100000000     10263339613
   Leakage from Cr (40cm dia) sphere 3-d surface tally                          
ntal     2
   21   41
tally   21                   -1    0    0
 1 0 0 0 0 0 0 0 0 0 0 0 0 0 0 0 0 0 0 0 0 0 0 0 0 0 0 0 0 0 0 0 0 0 0 0 0
f        1
      6
d        1
u        0
s        0
m        0
c        0
et     178
  1.03120E-01  1.06260E-01  1.09500E-01  1.12830E-01  1.16270E-01  1.19810E-01
  1.23460E-01  1.27220E-01  1.31090E-01  1.35090E-01  1.39200E-01  1.43440E-01
  1.47810E-01  1.52310E-01  1.56950E-01  1.61730E-01  1.66650E-01  1.71730E-01
  1.76960E-01  1.82350E-01  1.87900E-01  1.93620E-01  1.99520E-01  2.05600E-01
  2.11860E-01  2.18310E-01  2.24960E-01  2.31810E-01  2.38870E-01  2.46140E-01
  2.53640E-01  2.61370E-01  2.69320E-01  2.77530E-01  2.85980E-01  2.94690E-01
  3.03660E-01  3.12910E-01  3.22440E-01  3.32260E-01  3.42380E-01  3.52810E-01
  3.63550E-01  3.74620E-01  3.86030E-01  3.97790E-01  4.09900E-01  4.22380E-01
  4.35250E-01  4.48500E-01  4.62160E-01  4.76240E-01  4.90740E-01  5.05690E-01
  5.21090E-01  5.36960E-01  5.53310E-01  5.70160E-01  5.87520E-01  6.05420E-01
  6.23850E-01  6.42850E-01  6.62430E-01  6.82600E-01  7.03390E-01  7.24810E-01
  7.46890E-01  7.69630E-01  7.93070E-01  8.17230E-01  8.42110E-01  8.67760E-01
  8.94190E-01  9.21420E-01  9.49480E-01  9.78400E-01  1.00820E+00  1.03890E+00
  1.07050E+00  1.10310E+00  1.13670E+00  1.17140E+00  1.20700E+00  1.24380E+00
  1.28170E+00  1.32070E+00  1.36090E+00  1.40240E+00  1.44510E+00  1.48910E+00
  1.53440E+00  1.58120E+00  1.62930E+00  1.67890E+00  1.73010E+00  1.78280E+00
  1.83710E+00  1.89300E+00  1.95060E+00  2.01010E+00  2.07130E+00  2.13430E+00
  2.19930E+00  2.26630E+00  2.33530E+00  2.40650E+00  2.47980E+00  2.55530E+00
  2.63310E+00  2.71330E+00  2.79590E+00  2.88110E+00  2.96880E+00  3.05920E+00
  3.15240E+00  3.24840E+00  3.34730E+00  3.44930E+00  3.55430E+00  3.66250E+00
  3.77410E+00  3.88900E+00  4.00750E+00  4.12950E+00  4.25530E+00  4.38490E+00
  4.51840E+00  4.65600E+00  4.79780E+00  4.94390E+00  5.09450E+00  5.24960E+00
  5.40950E+00  5.57420E+00  5.74400E+00  5.91890E+00  6.09920E+00  6.28490E+00
  6.47640E+00  6.67360E+00  6.87680E+00  7.08630E+00  7.30210E+00  7.52440E+00
  7.75360E+00  7.98970E+00  8.23310E+00  8.48380E+00  8.74220E+00  9.00840E+00
  9.28270E+00  9.56540E+00  9.85670E+00  1.01570E+01  1.04660E+01  1.07850E+01
  1.11130E+01  1.14520E+01  1.18010E+01  1.21600E+01  1.25300E+01  1.29120E+01
  1.33050E+01  1.37100E+01  1.41280E+01  1.45580E+01  1.50020E+01  1.54580E+01
  1.59290E+01  1.64140E+01  1.69140E+01  1.74290E+01  1.79600E+01  1.85070E+01
  1.90710E+01  1.96520E+01  2.02500E+01
t        0
vals
  1.77837E-02 0.0007  4.90538E-04 0.0044  5.57280E-04 0.0041  9.59462E-04 0.0031
  1.71883E-03 0.0024  2.18988E-03 0.0021  1.12363E-03 0.0029  1.29654E-03 0.0027
  1.71523E-03 0.0023  2.93808E-03 0.0018  1.64570E-03 0.0024  2.16190E-04 0.0065
  3.52081E-04 0.0051  6.14550E-04 0.0039  8.52959E-04 0.0033  7.89377E-04 0.0034
  1.01791E-03 0.0030  1.20485E-03 0.0028  1.19110E-03 0.0028  1.42138E-03 0.0026
  1.22875E-03 0.0028  1.16456E-03 0.0028  1.40137E-03 0.0026  1.57707E-03 0.0024
  1.82165E-03 0.0023  2.12919E-03 0.0021  1.80858E-03 0.0023  2.14053E-03 0.0021
  1.50831E-03 0.0025  2.09661E-03 0.0021  1.30444E-03 0.0027  2.07485E-03 0.0021
  2.61039E-03 0.0019  2.96583E-03 0.0018  2.21846E-03 0.0020  2.59159E-03 0.0019
  2.85570E-03 0.0018  2.44857E-03 0.0019  2.50702E-03 0.0019  1.52568E-03 0.0025
  2.65491E-03 0.0019  3.39584E-03 0.0017  3.41685E-03 0.0017  3.16314E-03 0.0017
  4.54256E-03 0.0014  4.17208E-03 0.0015  2.82842E-03 0.0018  4.10938E-03 0.0015
  2.62336E-03 0.0019  4.81954E-03 0.0014  6.83571E-03 0.0012  2.34215E-03 0.0020
  2.75486E-03 0.0018  3.16704E-03 0.0017  3.82282E-03 0.0016  4.22526E-03 0.0015
  2.64073E-03 0.0019  3.66196E-03 0.0016  4.81708E-03 0.0014  7.90289E-03 0.0011
  4.41923E-03 0.0015  3.13973E-03 0.0017  4.43244E-03 0.0015  5.39085E-03 0.0013
  7.51171E-03 0.0011  6.46888E-03 0.0012  6.15696E-03 0.0012  4.55740E-03 0.0014
  6.73174E-03 0.0012  4.80422E-03 0.0014  6.06260E-03 0.0012  6.75535E-03 0.0012
  5.74338E-03 0.0013  4.57922E-03 0.0014  6.96507E-03 0.0012  6.16169E-03 0.0012
  5.71856E-03 0.0013  7.63909E-03 0.0011  6.67758E-03 0.0012  6.02779E-03 0.0012
  6.14505E-03 0.0012  7.45228E-03 0.0011  9.12058E-03 0.0010  6.08932E-03 0.0012
  5.63698E-03 0.0013  6.37765E-03 0.0012  6.04013E-03 0.0012  8.65878E-03 0.0010
  6.24909E-03 0.0012  4.71151E-03 0.0014  6.24288E-03 0.0012  5.23636E-03 0.0013
  5.18666E-03 0.0013  4.90653E-03 0.0014  5.73284E-03 0.0013  5.18744E-03 0.0013
  5.05494E-03 0.0014  5.20634E-03 0.0013  5.29855E-03 0.0013  5.55590E-03 0.0013
  4.86701E-03 0.0014  4.91849E-03 0.0014  4.73406E-03 0.0014  4.63460E-03 0.0014
  4.42052E-03 0.0014  4.65172E-03 0.0014  3.94631E-03 0.0015  4.17200E-03 0.0015
  3.85562E-03 0.0016  3.70498E-03 0.0016  3.69360E-03 0.0016  3.47794E-03 0.0016
  3.41386E-03 0.0016  3.45102E-03 0.0016  3.43303E-03 0.0016  3.33887E-03 0.0017
  3.26947E-03 0.0017  3.26815E-03 0.0017  3.03283E-03 0.0017  3.14598E-03 0.0017
  2.97371E-03 0.0018  2.97579E-03 0.0018  2.90786E-03 0.0018  2.78679E-03 0.0018
  2.72611E-03 0.0018  2.68994E-03 0.0019  2.59864E-03 0.0019  2.54101E-03 0.0019
  2.47743E-03 0.0019  2.39871E-03 0.0020  2.34675E-03 0.0020  2.29077E-03 0.0020
  2.22200E-03 0.0020  2.16743E-03 0.0021  2.09317E-03 0.0021  2.06603E-03 0.0021
  2.00930E-03 0.0021  1.94007E-03 0.0022  1.90671E-03 0.0022  1.85157E-03 0.0022
  1.80034E-03 0.0023  1.74877E-03 0.0023  1.69343E-03 0.0023  1.65014E-03 0.0024
  1.60867E-03 0.0024  1.55940E-03 0.0024  1.52397E-03 0.0025  1.46491E-03 0.0025
  1.42247E-03 0.0026  1.37432E-03 0.0026  1.39147E-03 0.0026  1.47309E-03 0.0025
  1.42211E-03 0.0026  1.48989E-03 0.0025  1.40301E-03 0.0026  1.76513E-03 0.0023
  2.17530E-03 0.0021  2.75570E-03 0.0018  3.40662E-03 0.0017  3.60332E-03 0.0016
  5.89867E-03 0.0013  6.85330E-03 0.0012  1.73373E-02 0.0007  2.36439E-02 0.0006
  7.52423E-02 0.0003  1.64202E-01 0.0002  1.62096E-01 0.0002  2.45713E-02 0.0006
  2.43941E-02 0.0006  7.96762E-03 0.0011  4.20720E-04 0.0048  3.09299E-04 0.0056
  1.02346E-04 0.0098  9.76997E-05 0.0100  1.45960E-05 0.0259  1.46926E-05 0.0259
  1.11206E-05 0.0298  1.06930E+00 0.0000
tfc   13       1       1       1       1       1       1     178       1
        8192000  1.06918E+00  1.00737E-04  9.50797E+04
       16384000  1.06929E+00  0.00000E+00  1.00000E+30
       24576000  1.06929E+00  0.00000E+00  1.00000E+30
       32768000  1.06928E+00  0.00000E+00  1.00000E+30
       40960000  1.06929E+00  0.00000E+00  1.00000E+30
       49152000  1.06930E+00  0.00000E+00  1.00000E+30
       57344000  1.06930E+00  0.00000E+00  1.00000E+30
       65536000  1.06929E+00  0.00000E+00  1.00000E+30
       73728000  1.06930E+00  0.00000E+00  1.00000E+30
       81920000  1.06929E+00  0.00000E+00  1.00000E+30
       90112000  1.06928E+00  0.00000E+00  1.00000E+30
       98304000  1.06929E+00  0.00000E+00  1.00000E+30
      100000000  1.06930E+00  0.00000E+00  1.00000E+30
tally   41                   -1    0    0
 0 1 0 0 0 0 0 0 0 0 0 0 0 0 0 0 0 0 0 0 0 0 0 0 0 0 0 0 0 0 0 0 0 0 0 0 0
f        1
      6
d        1
u        0
s        0
m        0
c        0
et      60
  3.00000E-01  4.00000E-01  5.00000E-01  6.00000E-01  7.00000E-01  8.00000E-01
  9.00000E-01  1.00000E+00  1.10000E+00  1.20000E+00  1.30000E+00  1.40000E+00
  1.50000E+00  1.60000E+00  1.70000E+00  1.80000E+00  1.90000E+00  2.00000E+00
  2.10000E+00  2.20000E+00  2.30000E+00  2.40000E+00  2.50000E+00  2.60000E+00
  2.70000E+00  2.80000E+00  2.90000E+00  3.00000E+00  3.10000E+00  3.20000E+00
  3.30000E+00  3.40000E+00  3.50000E+00  3.60000E+00  3.70000E+00  3.80000E+00
  3.90000E+00  4.00000E+00  4.10000E+00  4.20000E+00  4.30000E+00  4.40000E+00
  4.50000E+00  4.60000E+00  4.70000E+00  4.80000E+00  4.90000E+00  5.00000E+00
  5.50000E+00  6.00000E+00  6.50000E+00  7.00000E+00  7.50000E+00  8.00000E+00
  8.50000E+00  9.00000E+00  9.50000E+00  1.00000E+01  1.05000E+01
t        0
vals
  1.13761E-01 0.0003  4.53070E-02 0.0005  3.70354E-02 0.0006  4.01958E-02 0.0006
  2.50485E-02 0.0007  2.76796E-02 0.0007  2.50513E-02 0.0007  2.49421E-02 0.0007
  1.62777E-02 0.0009  1.40436E-02 0.0010  1.99557E-02 0.0008  2.02367E-02 0.0008
  6.39742E-02 0.0004  8.92891E-03 0.0012  5.99660E-03 0.0015  7.61565E-03 0.0013
  4.82285E-03 0.0017  4.86113E-03 0.0016  5.23370E-03 0.0016  5.05433E-03 0.0016
  4.85789E-03 0.0017  6.57816E-03 0.0014  3.87119E-03 0.0019  4.30166E-03 0.0018
  4.92407E-03 0.0016  3.74179E-03 0.0019  3.60897E-03 0.0019  3.64915E-03 0.0019
  3.90578E-03 0.0019  5.36636E-03 0.0016  3.93676E-03 0.0018  3.67961E-03 0.0019
  3.17980E-03 0.0021  3.13988E-03 0.0021  3.09602E-03 0.0021  3.33350E-03 0.0020
  2.57361E-03 0.0023  3.75091E-03 0.0019  2.35553E-03 0.0024  2.30436E-03 0.0024
  2.20755E-03 0.0025  2.05965E-03 0.0026  1.95107E-03 0.0026  1.86538E-03 0.0027
  2.09490E-03 0.0025  2.35963E-03 0.0024  2.31645E-03 0.0024  1.54660E-03 0.0030
  6.86915E-03 0.0014  5.46497E-03 0.0016  4.21276E-03 0.0018  3.21162E-03 0.0021
  2.45178E-03 0.0024  1.85476E-03 0.0027  1.42332E-03 0.0031  1.04018E-03 0.0036
  7.19308E-04 0.0044  4.63762E-04 0.0054  3.04642E-04 0.0067  6.36594E-01 0.0002
tfc   13       1       1       1       1       1       1      60       1
        8192000  6.36178E-01  5.34463E-04  3.37780E+03
       16384000  6.36252E-01  3.77923E-04  3.46119E+03
       24576000  6.36476E-01  3.08500E-04  3.50141E+03
       32768000  6.36604E-01  2.67115E-04  3.53615E+03
       40960000  6.36523E-01  2.38943E-04  3.53244E+03
       49152000  6.36502E-01  2.18128E-04  3.53161E+03
       57344000  6.36537E-01  2.01949E-04  3.54039E+03
       65536000  6.36544E-01  1.88911E-04  3.54976E+03
       73728000  6.36566E-01  1.78091E-04  3.54812E+03
       81920000  6.36616E-01  1.68947E-04  3.55339E+03
       90112000  6.36641E-01  1.61080E-04  3.55395E+03
       98304000  6.36595E-01  1.54229E-04  3.55359E+03
      100000000  6.36594E-01  1.52917E-04  3.55432E+03
