mcnp       6     05/13/18 20:38:00    12       100000000     40210322403
   Leakage from LiF (61cm dia) sphere 3-d surface tally                         
ntal     2
   21   41
tally   21                   -1    0    0
 1 0 0 0 0 0 0 0 0 0 0 0 0 0 0 0 0 0 0 0 0 0 0 0 0 0 0 0 0 0 0 0 0 0 0 0 0
f        1
      6
d        1
u        0
s        0
m        0
c        0
et     135
  1.01090E-01  1.05210E-01  1.09500E-01  1.13970E-01  1.18620E-01  1.23470E-01
  1.28500E-01  1.33750E-01  1.39210E-01  1.44890E-01  1.50800E-01  1.56960E-01
  1.63360E-01  1.70030E-01  1.76970E-01  1.84190E-01  1.91710E-01  1.99530E-01
  2.07670E-01  2.16150E-01  2.24970E-01  2.34150E-01  2.43710E-01  2.53650E-01
  2.64000E-01  2.74780E-01  2.85990E-01  2.97660E-01  3.09810E-01  3.22450E-01
  3.35610E-01  3.49310E-01  3.63570E-01  3.78400E-01  3.93850E-01  4.09920E-01
  4.26650E-01  4.44060E-01  4.62180E-01  4.81050E-01  5.00680E-01  5.21110E-01
  5.42380E-01  5.64510E-01  5.87550E-01  6.11530E-01  6.36480E-01  6.62460E-01
  6.89500E-01  7.17630E-01  7.46920E-01  7.77400E-01  8.09130E-01  8.42150E-01
  8.76520E-01  9.12290E-01  9.49520E-01  9.88270E-01  1.02860E+00  1.07060E+00
  1.11430E+00  1.15980E+00  1.20710E+00  1.25630E+00  1.30760E+00  1.36100E+00
  1.41650E+00  1.47430E+00  1.53450E+00  1.59710E+00  1.66230E+00  1.73010E+00
  1.80080E+00  1.87420E+00  1.95070E+00  2.03030E+00  2.11320E+00  2.19940E+00
  2.28920E+00  2.38260E+00  2.47990E+00  2.58110E+00  2.68640E+00  2.79600E+00
  2.91010E+00  3.02890E+00  3.15250E+00  3.28120E+00  3.41510E+00  3.55450E+00
  3.69950E+00  3.85050E+00  4.00760E+00  4.17120E+00  4.34140E+00  4.51860E+00
  4.70300E+00  4.89490E+00  5.09470E+00  5.30260E+00  5.51900E+00  5.74430E+00
  5.97870E+00  6.22270E+00  6.47660E+00  6.74100E+00  7.01610E+00  7.30240E+00
  7.60040E+00  7.91060E+00  8.23340E+00  8.56940E+00  8.91920E+00  9.28320E+00
  9.66200E+00  1.00560E+01  1.04670E+01  1.08940E+01  1.13390E+01  1.18010E+01
  1.22830E+01  1.27840E+01  1.33060E+01  1.38490E+01  1.44140E+01  1.50020E+01
  1.56150E+01  1.62520E+01  1.69150E+01  1.76050E+01  1.83240E+01  1.90720E+01
  1.98500E+01  2.06600E+01
t        0
vals
  2.54376E-01 0.0002  7.46610E-04 0.0034  1.19271E-03 0.0027  1.72510E-03 0.0022
  2.39566E-03 0.0019  2.84691E-03 0.0017  3.45587E-03 0.0016  3.44467E-03 0.0016
  4.65551E-03 0.0014  2.77977E-03 0.0018  3.60157E-03 0.0015  4.21806E-03 0.0014
  4.09456E-03 0.0015  4.22168E-03 0.0014  3.67297E-03 0.0015  3.95069E-03 0.0015
  2.87569E-03 0.0017  2.39422E-03 0.0019  2.13316E-03 0.0020  1.73470E-03 0.0022
  1.32733E-03 0.0026  9.99299E-04 0.0029  7.22544E-04 0.0035  4.92416E-04 0.0042
  4.28581E-04 0.0045  4.29080E-04 0.0045  4.41368E-04 0.0044  6.78828E-04 0.0036
  8.85395E-04 0.0031  9.18993E-04 0.0031  9.32661E-04 0.0031  1.13214E-03 0.0028
  1.22527E-03 0.0027  1.29662E-03 0.0026  1.18604E-03 0.0027  1.36809E-03 0.0025
  1.29260E-03 0.0026  1.79847E-03 0.0022  2.43031E-03 0.0019  3.19909E-03 0.0017
  3.13726E-03 0.0017  2.92804E-03 0.0017  3.56224E-03 0.0016  3.98076E-03 0.0015
  4.16666E-03 0.0015  3.52859E-03 0.0016  4.23046E-03 0.0014  4.89299E-03 0.0013
  5.00878E-03 0.0013  5.45128E-03 0.0013  5.01012E-03 0.0013  4.73345E-03 0.0014
  4.57601E-03 0.0014  4.76479E-03 0.0014  4.13286E-03 0.0015  4.34073E-03 0.0014
  3.88731E-03 0.0015  4.35054E-03 0.0014  4.86824E-03 0.0013  4.40827E-03 0.0014
  4.10297E-03 0.0015  4.31557E-03 0.0014  3.92702E-03 0.0015  3.32147E-03 0.0016
  3.38407E-03 0.0016  3.84588E-03 0.0015  4.41744E-03 0.0014  4.41280E-03 0.0014
  4.31977E-03 0.0014  3.83949E-03 0.0015  3.72072E-03 0.0015  4.21058E-03 0.0014
  4.57312E-03 0.0014  4.81113E-03 0.0014  4.42587E-03 0.0014  3.65580E-03 0.0015
  4.09085E-03 0.0015  4.36384E-03 0.0014  3.92950E-03 0.0015  4.22045E-03 0.0014
  3.86571E-03 0.0015  3.41955E-03 0.0016  3.50433E-03 0.0016  3.58646E-03 0.0016
  3.69156E-03 0.0015  3.88480E-03 0.0015  3.56806E-03 0.0016  3.63102E-03 0.0015
  3.63874E-03 0.0015  3.38973E-03 0.0016  3.18412E-03 0.0016  3.32073E-03 0.0016
  3.16581E-03 0.0016  2.99323E-03 0.0017  2.78789E-03 0.0017  2.72931E-03 0.0018
  2.68028E-03 0.0018  2.88843E-03 0.0017  3.01461E-03 0.0017  3.01153E-03 0.0017
  3.08027E-03 0.0017  3.07497E-03 0.0017  3.03288E-03 0.0017  3.21227E-03 0.0016
  3.30375E-03 0.0016  3.27246E-03 0.0016  3.29666E-03 0.0016  3.10977E-03 0.0017
  3.10958E-03 0.0017  3.17582E-03 0.0017  3.27373E-03 0.0016  3.32677E-03 0.0016
  3.39389E-03 0.0016  3.43548E-03 0.0016  3.52460E-03 0.0016  3.69975E-03 0.0016
  3.99267E-03 0.0015  4.65250E-03 0.0014  5.75640E-03 0.0012  7.41836E-03 0.0011
  1.01360E-02 0.0009  1.42927E-02 0.0008  2.03669E-02 0.0007  3.42182E-02 0.0005
  3.74012E-02 0.0005  2.95004E-02 0.0006  1.48866E-02 0.0008  1.16449E-02 0.0009
  3.34052E-03 0.0017  2.28243E-05 0.0204  1.64228E-05 0.0241  6.11630E-06 0.0393
  4.90243E-06 0.0441  1.35359E-06 0.0846  8.17487E-01 0.0000
tfc   13       1       1       1       1       1       1     135       1
        8192000  8.17484E-01  1.47084E-04  2.93013E+04
       16384000  8.17457E-01  1.03995E-04  2.92608E+04
       24576000  8.17456E-01  0.00000E+00  1.00000E+30
       32768000  8.17452E-01  0.00000E+00  1.00000E+30
       40960000  8.17459E-01  0.00000E+00  1.00000E+30
       49152000  8.17505E-01  0.00000E+00  1.00000E+30
       57344000  8.17530E-01  0.00000E+00  1.00000E+30
       65536000  8.17525E-01  0.00000E+00  1.00000E+30
       73728000  8.17512E-01  0.00000E+00  1.00000E+30
       81920000  8.17494E-01  0.00000E+00  1.00000E+30
       90112000  8.17504E-01  0.00000E+00  1.00000E+30
       98304000  8.17494E-01  0.00000E+00  1.00000E+30
      100000000  8.17487E-01  0.00000E+00  1.00000E+30
tally   41                   -1    0    0
 0 1 0 0 0 0 0 0 0 0 0 0 0 0 0 0 0 0 0 0 0 0 0 0 0 0 0 0 0 0 0 0 0 0 0 0 0
f        1
      6
d        1
u        0
s        0
m        0
c        0
et      50
  5.00000E-01  6.00000E-01  7.00000E-01  8.00000E-01  9.00000E-01  1.00000E+00
  1.10000E+00  1.20000E+00  1.30000E+00  1.40000E+00  1.50000E+00  1.60000E+00
  1.70000E+00  1.80000E+00  1.90000E+00  2.00000E+00  2.10000E+00  2.20000E+00
  2.30000E+00  2.40000E+00  2.50000E+00  2.60000E+00  2.70000E+00  2.80000E+00
  2.90000E+00  3.00000E+00  3.10000E+00  3.20000E+00  3.30000E+00  3.40000E+00
  3.50000E+00  3.60000E+00  3.70000E+00  3.80000E+00  3.90000E+00  4.00000E+00
  4.50000E+00  5.00000E+00  5.50000E+00  6.00000E+00  6.50000E+00  7.00000E+00
  7.50000E+00  8.00000E+00  8.50000E+00  9.00000E+00  9.50000E+00  1.00000E+01
  1.05000E+01
t        0
vals
  2.21964E-01 0.0002  1.46027E-02 0.0009  1.06027E-02 0.0010  9.73567E-03 0.0011
  1.53553E-02 0.0009  8.48448E-03 0.0011  7.79305E-03 0.0012  7.32036E-03 0.0012
  1.64730E-02 0.0008  2.16822E-02 0.0007  7.38974E-03 0.0012  2.88077E-03 0.0020
  2.34684E-03 0.0022  2.19331E-03 0.0023  2.61551E-03 0.0021  3.15777E-03 0.0018
  1.91844E-03 0.0024  1.93565E-03 0.0024  1.81258E-03 0.0025  1.89451E-03 0.0024
  1.51477E-03 0.0027  5.37613E-03 0.0014  4.11403E-03 0.0016  1.31792E-03 0.0030
  1.22331E-03 0.0031  1.69362E-03 0.0026  1.28522E-03 0.0030  1.00388E-03 0.0034
  1.77039E-03 0.0025  1.71452E-03 0.0025  9.83515E-04 0.0035  1.01147E-03 0.0034
  1.36070E-03 0.0029  1.42830E-03 0.0028  1.16366E-03 0.0031  2.02082E-03 0.0023
  9.07080E-03 0.0011  4.63636E-03 0.0015  8.99686E-03 0.0011  1.61144E-03 0.0027
  1.28449E-03 0.0030  5.96465E-04 0.0046  3.88414E-04 0.0057  2.24062E-04 0.0077
  1.51837E-04 0.0094  1.03179E-04 0.0115  7.33643E-05 0.0137  5.05313E-05 0.0165
  3.25847E-05 0.0205  4.18362E-01 0.0002
tfc   13       1       1       1       1       1       1      50       1
        8192000  4.18169E-01  5.82452E-04  1.86852E+03
       16384000  4.18181E-01  4.11900E-04  1.86521E+03
       24576000  4.18350E-01  3.36257E-04  1.85999E+03
       32768000  4.18271E-01  2.91263E-04  1.85139E+03
       40960000  4.18262E-01  2.60539E-04  1.85351E+03
       49152000  4.18295E-01  2.37823E-04  1.85168E+03
       57344000  4.18331E-01  2.20182E-04  1.85584E+03
       65536000  4.18307E-01  2.05982E-04  1.85828E+03
       73728000  4.18318E-01  1.94196E-04  1.85688E+03
       81920000  4.18354E-01  1.84224E-04  1.85849E+03
       90112000  4.18386E-01  1.75635E-04  1.86223E+03
       98304000  4.18362E-01  1.68167E-04  1.85967E+03
      100000000  4.18362E-01  1.66732E-04  1.86064E+03
